-62.373500
-62.366600
-62.346700
-62.342800
-62.326500
-62.318800
-62.318000
-62.310000
-62.293700
-62.242700
-62.242700
-62.217800
-62.204900
-62.166300
-58.937700
-54.502200
-41.270900
-38.251400
-35.848000
-35.332400
-33.699800
-33.314100
-32.706900
-32.268400
-31.388900
-31.291000
-30.553600
-29.694700
-29.493100
-28.994000
-27.460200
-24.067900
-24.008500
-23.708900
-23.651700
-23.615600
-22.360300
-21.861800
-21.853700
-21.409500
-20.904300
-20.792300
-20.782800
-20.724700
-20.221600
-20.017000
-19.434800
-19.422500
-19.418700
-19.267000
-19.070800
-18.991900
-18.673100
-18.660400
-18.193700
-18.109200
-18.027800
-18.027600
-18.018600
-17.694700
-17.688800
-17.218600
-17.166000
-16.868400
-15.992000
-15.611400
-15.316600
-15.093500
-14.748800
-14.591000
-12.426700
-11.910100
-11.803100
-11.759600
-11.599300
-11.564700
-11.220600
-11.204100
-11.094400
-10.751800
-10.497100
-9.605300
-9.576200
-9.537000
-9.501200
-8.831000
-8.775800
-8.760900
-8.691100
-8.676700
-8.510100
-8.505600
-8.310100
-7.805100
-7.296900
-7.160500
-6.675800
-6.442200
-6.396800
-6.247200
-6.114000
-6.039200
-6.015100
-5.982200
-5.982000
-5.943300
-5.900400
-5.540800
-5.492600
-5.418900
-5.405800
-5.327000
-5.322400
-5.010900
-4.366100
-4.329000
-4.195900
-4.135800
-3.071200
-2.328000
-1.881000
-1.288400
-1.160900
-0.930600
0.347300
0.717300
0.789500
2.102100
2.335400
2.495800
2.518100
3.126800
4.198800
6.150900
6.718800
7.969700
8.449300
8.693900
9.242800
9.559500
9.635900
9.709700
9.734600
9.763300
9.922100
10.977500
12.189300
12.402700
13.573800
13.607800
13.780000
14.449100
14.573800
14.700100
14.921000
15.622600
15.782900
15.965600
16.903200
17.423000
17.639800
17.833300
17.838900
17.843300
17.851300
17.869300
17.882800
17.885300
17.895800
17.900100
17.900500
17.903800
17.912500
17.914000
17.914300
17.916300
17.917500
17.918100
17.919300
17.920300
17.920500
17.920600
17.921600
17.922100
17.922300
17.922800
17.923500
17.923800
17.925100
17.925300
17.925500
17.925600
17.926100
17.926100
17.926100
17.927000
17.927100
17.927500
17.928100
17.932300
17.932600
17.934000
17.934500
17.935500
17.936100
17.936600
17.937500
17.938000
17.940000
17.940300
17.941000
17.941500
17.941800
17.942000
17.942100
17.942300
17.942300
17.943600
17.943800
17.944600
17.944800
17.945000
17.946500
17.946800
17.948100
17.948300
17.949600
17.951600
17.952600
17.952600
17.953100
17.954300
17.955000
17.955000
17.956500
17.957600
17.957600
17.963000
17.963500
17.963800
17.965100
17.967600
17.967600
17.968000
17.968500
17.970600
17.977300
17.979300
17.982100
17.984000
17.994000
17.995600
18.000100
18.002800
18.008600
18.010000
18.013600
18.013600
18.018500
18.018600
18.024500
18.028100
18.031100
18.032600
18.034600
18.045100
18.053300
18.097000
18.120500
18.174000
18.195000
18.286500
18.290400
18.331600
18.462000
18.469500
18.531500
18.709167
18.748900
18.772800
18.831200
18.852833
19.030600
19.031700
19.051001
19.058834
19.078500
19.145666
19.153500
19.153833
19.154167
19.154333
19.157000
19.158333
19.161167
19.161333
19.162500
19.163000
19.165001
19.167000
19.169666
19.171333
19.173500
19.174000
19.175167
19.176666
19.179667
19.180334
19.181168
19.186666
19.188168
19.192499
19.192833
19.194166
19.194666
19.195499
19.197500
19.199833
19.200500
19.203833
19.204166
19.204333
19.204334
19.205166
19.207500
19.208334
19.212334
19.214001
19.214001
19.214333
19.214500
19.215166
19.215834
19.216833
19.217167
19.217333
19.217501
19.217833
19.219000
19.220501
19.220667
19.221001
19.222000
19.223000
19.223499
19.223667
19.224667
19.225334
19.225500
19.226500
19.227667
19.229666
19.230333
19.230333
19.232500
19.233667
19.236000
19.238001
19.239500
19.248501
19.257999
19.314300
19.333333
19.334167
19.335667
19.339333
19.342333
19.344333
19.348167
19.348333
19.360333
19.371500
19.373000
19.374667
19.379667
19.399166
19.401167
19.403833
19.405001
19.407000
19.407333
19.407833
19.409333
19.411167
19.415333
19.415833
19.416166
19.417667
19.418167
19.419500
19.420000
19.421167
19.422333
19.425167
19.430000
19.431333
19.433666
19.439500
19.454500
19.456167
19.456333
19.456833
19.458166
19.460833
19.461500
19.463167
19.473833
19.478333
19.530500
19.533833
19.534667
19.543500
19.548333
19.551000
19.556167
19.645500
19.785167
19.792833
19.793300
19.805833
19.871900
19.990500
20.644800
23.420400
25.643000
26.202400
26.530300
26.566200
27.165800
27.629600
29.759300
29.865000
29.889400
31.417333
31.455667
31.495100
31.507000
31.577100
31.623833
31.641000
31.704000
31.709400
31.716600
31.732000
32.053333
32.103500
32.104800
32.147167
32.201333
32.201667
32.351800
32.366000
32.696167
32.745500
32.748167
32.748667
32.777000
32.864500
32.864667
32.910667
32.938833
32.940333
32.941167
32.942000
32.943000
32.945333
32.945500
32.965000
32.974500
32.978000
32.982833
32.985667
32.985667
32.987833
32.996333
33.000500
33.002333
33.002667
33.003000
33.003167
33.004333
33.005000
33.005667
33.005667
33.006500
33.007500
33.007500
33.007667
33.008167
33.009333
33.009333
33.009667
33.009833
33.009833
33.010167
33.010500
33.010667
33.011000
33.011000
33.011500
33.011667
33.012000
33.012667
33.013000
33.013000
33.013500
33.013500
33.013667
33.013833
33.014167
33.014333
33.014833
33.014833
33.015333
33.015667
33.016167
33.016167
33.016500
33.016667
33.017000
33.017000
33.017167
33.017333
33.017500
33.017500
33.017500
33.017500
33.017667
33.017667
33.017667
33.017667
33.017833
33.018667
33.018833
33.019167
33.019333
33.019500
33.019500
33.019833
33.020167
33.020167
33.020167
33.020333
33.020667
33.020833
33.020833
33.021000
33.021000
33.021333
33.021333
33.021500
33.021833
33.021833
33.022333
33.022667
33.023333
33.023333
33.023667
33.024500
33.024833
33.025000
33.025333
33.025333
33.025333
33.025333
33.025667
33.025667
33.025833
33.026167
33.026500
33.026667
33.027000
33.027167
33.027333
33.027833
33.027833
33.028000
33.028167
33.028667
33.028833
33.029000
33.029000
33.029333
33.029500
33.029500
33.029500
33.029833
33.030000
33.030167
33.030167
33.030333
33.030500
33.030500
33.030833
33.030833
33.031000
33.031000
33.031167
33.031333
33.031500
33.032000
33.032667
33.032667
33.032667
33.033167
33.033333
33.033333
33.033500
33.033500
33.033500
33.033667
33.034167
33.034167
33.034333
33.034333
33.034500
33.034833
33.035000
33.035333
33.035500
33.035500
33.035500
33.035500
33.035667
33.035667
33.035833
33.035833
33.036000
33.036167
33.036500
33.036833
33.037000
33.037000
33.037500
33.037500
33.037500
33.037667
33.037667
33.037667
33.037833
33.038167
33.038333
33.038500
33.038667
33.038667
33.038667
33.038833
33.039000
33.039000
33.039000
33.039167
33.039333
33.039667
33.039833
33.040167
33.040500
33.040667
33.040667
33.041000
33.041500
33.041667
33.041833
33.041833
33.042000
33.042333
33.043000
33.043333
33.043333
33.043500
33.043667
33.043833
33.043833
33.044000
33.044500
33.044667
33.045000
33.045167
33.045667
33.045833
33.046667
33.046833
33.046833
33.046833
33.047000
33.047000
33.047333
33.047333
33.048167
33.048667
33.048833
33.049167
33.050000
33.050000
33.050167
33.050667
33.051000
33.051167
33.051333
33.051667
33.051833
33.051833
33.052167
33.052333
33.053000
33.053167
33.053500
33.053667
33.053667
33.053667
33.053833
33.054333
33.054500
33.055000
33.055500
33.055667
33.055833
33.056000
33.056333
33.056667
33.056667
33.057000
33.057000
33.057667
33.057833
33.058167
33.058333
33.058500
33.058667
33.059167
33.059333
33.059500
33.059667
33.060000
33.060000
33.060167
33.060667
33.060667
33.061000
33.061167
33.062000
33.062000
33.062167
33.062500
33.062500
33.062667
33.063167
33.063333
33.063333
33.064667
33.065500
33.065500
33.066167
33.067000
33.067167
33.067333
33.067500
33.067500
33.068167
33.068333
33.068500
33.069000
33.069167
33.069333
33.069833
33.070167
33.072167
33.073833
33.074833
33.074833
33.075667
33.079500
33.080333
33.088167
33.091833
33.094167
33.097333
33.097833
33.098833
33.102000
33.102333
33.105667
33.105833
33.106000
33.109333
33.110500
33.115000
33.130833
33.135000
33.143167
33.143167
33.148333
33.151500
33.152667
33.152833
33.153167
33.164000
33.167333
33.172500
33.175667
33.180000
33.182000
33.183333
33.184500
33.187500
33.198833
33.210833
33.228333
33.238833
33.252500
33.337500
33.344833
33.364667
33.381167
33.431333
33.441000
33.443000
33.446333
33.459667
33.465833
33.466333
33.472000
33.479167
33.480333
33.481833
33.482667
33.485500
33.485500
33.491833
33.492000
33.496167
33.496500
33.497667
33.498500
33.499667
33.499833
33.500167
33.504833
33.505000
33.505500
33.506167
33.506333
33.507167
33.507333
33.507667
33.509500
33.520400
33.539500
33.541333
33.553500
33.566333
33.573833
33.583000
33.585167
33.589667
33.589667
33.590000
33.591000
33.592333
33.593000
33.594333
33.595000
33.595667
33.596500
33.599000
33.599833
33.602000
33.615333
33.616000
33.632333
33.632833
33.636833
33.637000
33.637500
33.637500
33.639500
33.641833
33.642333
33.642500
33.645000
33.651833
33.670667
33.677500
33.683333
33.683833
33.683833
33.684167
33.685000
33.685833
33.695833
33.700500
33.700833
33.703000
33.703000
33.707833
33.709667
33.710000
33.715167
33.717333
33.717500
33.718000
33.718500
33.721167
33.737500
33.765500
33.788500
33.791167
33.793500
33.807667
33.832000
33.839167
33.846167
33.861833
33.895000
33.904167
33.918167
33.922667
33.935333
33.938333
33.938833
33.939500
33.940500
33.948500
33.954167
33.955333
33.958833
33.961000
33.961833
33.961833
33.963000
33.967500
33.971833
33.974000
33.975333
33.981167
33.984167
34.001833
34.010333
34.017833
34.024333
34.025500
34.032500
34.034000
34.046167
34.049167
34.052333
34.075333
34.100000
34.114333
34.116167
34.153300
34.171000
34.194167
34.203200
34.205167
34.207667
34.210167
34.225167
34.225667
34.229500
34.230333
34.303000
34.303600
34.304333
34.306167
34.336667
34.354167
34.358333
34.360833
34.397000
34.446167
34.459667
34.483833
34.499667
34.548000
34.950000
35.031500
35.035500
35.036500
35.040000
35.048000
35.051667
35.080167
35.097333
35.268167
35.344500
35.367167
35.421667
35.429833
35.439800
35.490500
35.553667
35.558000
35.564000
35.579667
35.588667
35.593167
35.594167
35.594500
35.599167
35.600333
35.600500
35.602000
35.602000
35.606333
35.606333
35.612833
35.614833
35.615000
35.616167
35.617167
35.618667
35.627333
35.627333
35.628000
35.628333
35.629167
35.629167
35.630500
35.630833
35.634167
35.638833
35.640167
35.640833
35.641167
35.642500
35.643000
35.643333
35.645833
35.646833
35.647167
35.647833
35.648500
35.649833
35.650500
35.650500
35.651000
35.651167
35.651833
35.652500
35.653167
35.654000
35.654500
35.654833
35.655000
35.657833
35.660000
35.660333
35.662833
35.663167
35.663500
35.666667
35.666833
35.667333
35.667333
35.667333
35.668000
35.668167
35.668500
35.668667
35.668833
35.669667
35.670667
35.671500
35.673833
35.674000
35.674333
35.674500
35.675333
35.676833
35.679167
35.679667
35.679667
35.679833
35.680500
35.680833
35.682833
35.684667
35.686167
35.686500
35.687167
35.687667
35.688333
35.689167
35.690333
35.691167
35.691167
35.691500
35.693333
35.698500
35.701833
35.703500
35.706000
35.706500
35.712000
35.712333
35.712833
35.713333
35.715167
35.715167
35.715667
35.721800
35.727167
35.727167
35.728667
35.730833
35.731500
35.732000
35.732667
35.733333
35.736333
35.737167
35.737333
35.737667
35.743833
35.749833
35.751167
35.751833
35.754667
35.758500
35.760667
35.765500
35.769833
35.776667
35.779500
35.780167
35.782000
35.783000
35.786167
35.786333
35.792667
35.795000
35.799167
35.800167
35.801000
35.806667
35.813333
35.817333
35.818000
35.819833
35.823000
35.824000
35.825333
35.840333
35.848667
35.850167
35.852833
35.859667
35.860833
35.861000
35.861167
35.861500
35.862667
35.863333
35.863667
35.864167
35.864500
35.864833
35.864833
35.867500
35.868000
35.868333
35.869167
35.869500
35.870167
35.871833
35.872667
35.873000
35.873167
35.875000
35.878167
35.880333
35.881833
35.882167
35.885000
35.886000
35.887500
35.890333
35.890667
35.891167
35.892000
35.893000
35.896167
35.897167
35.901000
35.902667
35.903167
35.903333
35.903333
35.906667
35.907167
35.910000
35.911833
35.915667
35.916167
35.918000
35.918000
35.918167
35.918500
35.919500
35.929500
35.934500
35.938000
35.945833
35.947167
35.950000
35.963000
35.973333
35.973500
35.975000
35.976167
35.977333
35.978000
35.982333
35.997833
36.000000
36.004167
36.013167
36.016333
36.021000
36.021167
36.022667
36.026167
36.028333
36.029167
36.036667
36.038833
36.041833
36.043167
36.045000
36.049333
36.065333
36.070167
36.082500
36.085833
36.090167
36.094500
36.096333
36.101167
36.104833
36.106333
36.107333
36.108333
36.123833
36.127167
36.129167
36.129500
36.130667
36.131333
36.132667
36.134333
36.135333
36.138667
36.150167
36.170833
36.182500
36.204500
36.211667
36.214667
36.226167
36.226500
36.237333
36.240667
36.246000
36.273667
36.292700
36.296833
36.297167
36.310300
36.344000
36.348000
36.348833
36.349500
36.351333
36.352667
36.354667
36.355833
36.356667
36.359500
36.361500
36.361833
36.362167
36.365167
36.366000
36.425000
36.426167
36.427000
36.427833
36.428167
36.429167
36.429833
36.430500
36.430667
36.430833
36.431333
36.431333
36.431500
36.432833
36.436500
36.439100
36.441500
36.443000
36.443333
36.446500
36.448833
36.452000
36.460333
36.462333
36.463667
36.465500
36.470500
36.473167
36.474667
36.475500
36.475833
36.478833
36.480333
36.482500
36.486667
36.493333
36.493500
36.494000
36.494167
36.494500
36.494833
36.499000
36.499333
36.509667
36.516333
36.519000
36.519833
36.521167
36.522167
36.522167
36.522833
36.523333
36.523500
36.524500
36.524667
36.524833
36.524833
36.524833
36.525000
36.525167
36.525167
36.525167
36.525167
36.525333
36.525500
36.525500
36.525500
36.525500
36.525500
36.525667
36.525667
36.525667
36.526000
36.526000
36.526167
36.526667
36.526833
36.527000
36.527167
36.527167
36.527500
36.527500
36.528000
36.528000
36.528333
36.528833
36.529500
36.529833
36.530333
36.530500
36.531000
36.531333
36.531333
36.532000
36.532000
36.533000
36.533833
36.534000
36.534167
36.535333
36.556700
36.561333
36.563333
36.565500
36.569333
36.592500
36.593500
36.597833
36.607500
36.608334
36.611667
36.612667
36.654333
36.656333
36.658333
36.668667
36.691333
36.703333
36.712500
36.714900
36.732667
36.733300
36.738300
36.741000
36.748000
36.753333
36.753333
36.758000
36.758300
36.761500
36.764167
36.775200
36.838667
36.847333
36.852200
36.905833
36.906333
36.915333
36.929000
36.964667
36.988167
37.020200
37.051000
37.068333
37.103167
37.132167
37.140333
37.233600
37.245900
37.259333
37.288833
37.297500
37.327333
37.334833
37.335833
37.337167
37.413333
37.425667
37.431167
37.440333
37.441000
37.442500
37.451333
37.461667
37.475833
37.476667
37.477167
37.478167
37.480500
37.482167
37.483833
37.487833
37.491833
37.493000
37.493167
37.494000
37.494500
37.495000
37.495167
37.496167
37.496667
37.496833
37.497833
37.498333
37.499667
37.499667
37.501833
37.527833
37.529167
37.533000
37.538333
37.538833
37.559167
37.560000
37.573333
37.582333
37.589500
37.595333
37.597667
37.604833
37.607333
37.608333
37.616000
37.616333
37.619833
37.620833
37.621667
37.625333
37.626167
37.628200
37.629833
37.632167
37.632833
37.633500
37.633667
37.633833
37.634000
37.634167
37.634500
37.634667
37.634833
37.634833
37.635333
37.636167
37.636333
37.636333
37.636833
37.637667
37.638833
37.638833
37.639500
37.640500
37.644500
37.645833
37.649500
37.650667
37.653300
37.654000
37.658333
37.659000
37.660167
37.666500
37.679700
37.680333
37.709333
37.730667
37.821500
37.857833
37.858167
37.958500
37.972700
37.990500
38.001000
38.004667
38.005833
38.006667
38.011000
38.036200
38.038000
38.038000
38.041000
38.042333
38.046167
38.046800
38.061700
38.068700
38.068800
38.069200
38.070000
38.070833
38.080000
38.084167
38.085333
38.087167
38.087833
38.092000
38.092500
38.093167
38.093667
38.093667
38.095167
38.097500
38.098300
38.099000
38.100500
38.105300
38.105400
38.108700
38.112700
38.115700
38.116100
38.116700
38.120200
38.123000
38.123800
38.124300
38.124500
38.125200
38.126300
38.126700
38.127333
38.129200
38.129300
38.130800
38.131200
38.133000
38.133700
38.133800
38.134300
38.134500
38.134500
38.135500
38.136300
38.136300
38.137200
38.137300
38.137500
38.138000
38.138000
38.138000
38.138100
38.138300
38.138400
38.138500
38.139200
38.139500
38.139700
38.139700
38.140300
38.140300
38.141300
38.141300
38.141500
38.141700
38.142000
38.142200
38.142300
38.142600
38.142800
38.142800
38.143200
38.143300
38.143500
38.143700
38.144300
38.144300
38.144700
38.144700
38.145200
38.145400
38.146500
38.146800
38.146800
38.146900
38.147200
38.147200
38.147300
38.147800
38.148000
38.148000
38.148700
38.149200
38.149200
38.149500
38.149900
38.150100
38.150200
38.150300
38.150300
38.150700
38.150800
38.150800
38.151000
38.151500
38.151700
38.151700
38.151800
38.152300
38.152300
38.152500
38.152500
38.153200
38.153300
38.153500
38.153800
38.154700
38.154700
38.154800
38.155500
38.155800
38.156000
38.156200
38.156300
38.156500
38.156900
38.157000
38.157000
38.158000
38.158300
38.158800
38.159200
38.159500
38.159700
38.159800
38.160000
38.160300
38.160500
38.160700
38.161000
38.161400
38.161700
38.161700
38.161700
38.161700
38.162200
38.162300
38.162700
38.162700
38.162800
38.162800
38.162800
38.163000
38.163300
38.163800
38.163800
38.164300
38.164300
38.164500
38.164700
38.164800
38.165000
38.165000
38.165300
38.165300
38.165300
38.165500
38.165500
38.165500
38.165700
38.165800
38.166000
38.166200
38.166200
38.167200
38.167300
38.167300
38.167700
38.168000
38.168000
38.168500
38.168500
38.168700
38.169100
38.169200
38.169300
38.169500
38.170200
38.170300
38.170700
38.170800
38.171300
38.172300
38.172700
38.173300
38.174200
38.174200
38.174300
38.174400
38.174700
38.174800
38.175100
38.175800
38.176000
38.176100
38.176200
38.176500
38.177300
38.177300
38.177500
38.177500
38.178000
38.178200
38.178200
38.178500
38.178800
38.179500
38.180000
38.180000
38.180300
38.180800
38.181000
38.181000
38.182300
38.182500
38.183200
38.183800
38.183833
38.184000
38.184300
38.184500
38.184700
38.185200
38.185700
38.186200
38.186500
38.186800
38.187200
38.187300
38.187500
38.188500
38.189000
38.189200
38.189300
38.189500
38.189800
38.190167
38.190500
38.190700
38.191300
38.191500
38.191700
38.191800
38.192200
38.192500
38.192500
38.192700
38.193200
38.193300
38.193300
38.193800
38.194000
38.195300
38.195400
38.196300
38.196833
38.197800
38.198667
38.198800
38.199000
38.199300
38.199700
38.199700
38.200300
38.200500
38.200700
38.200800
38.201200
38.201300
38.202300
38.202700
38.202700
38.204700
38.204800
38.205000
38.205000
38.205800
38.206200
38.208200
38.211300
38.211700
38.212200
38.215200
38.216500
38.220000
38.222000
38.223000
38.227200
38.230300
38.257500
38.261700
38.277200
38.278200
38.281000
38.283833
38.323500
38.393300
38.457400
38.470700
38.478167
38.480000
38.480167
38.480333
38.480500
38.481167
38.481333
38.481333
38.481333
38.481500
38.481667
38.481667
38.481667
38.481833
38.481833
38.482000
38.482000
38.482000
38.482167
38.482167
38.482167
38.482333
38.482500
38.482667
38.483000
38.483167
38.483167
38.483500
38.484500
38.484500
38.484667
38.484833
38.485500
38.485667
38.488167
38.489333
38.489833
38.490167
38.499500
38.501167
38.516833
38.596667
38.597000
38.606000
38.606667
38.614500
38.645200
38.656500
38.658167
38.670300
38.674300
38.687167
38.688200
38.691333
38.692800
38.692900
38.694900
38.696100
38.697900
38.699600
38.699800
38.700900
38.701800
38.702700
38.725700
38.737000
38.741167
38.742000
38.744667
38.751500
38.751667
38.753500
38.753833
38.754833
38.755000
38.755500
38.757332
38.759998
38.760333
38.762167
38.764500
38.764668
38.770000
38.771667
38.772333
38.773499
38.773667
38.776165
38.776165
38.777500
38.777832
38.781166
38.781666
38.781834
38.782600
38.784168
38.786000
38.786499
38.786667
38.787334
38.787334
38.787498
38.789501
38.789665
38.791332
38.792000
38.793335
38.794334
38.794667
38.794834
38.795833
38.796166
38.796501
38.797333
38.797333
38.798333
38.799000
38.799168
38.799999
38.800499
38.800835
38.801333
38.801666
38.801833
38.802334
38.802834
38.803165
38.803333
38.804833
38.804833
38.805167
38.806000
38.806000
38.806168
38.806333
38.806667
38.806833
38.806835
38.807000
38.807499
38.807667
38.807667
38.807833
38.808000
38.808000
38.808333
38.808334
38.808498
38.809000
38.809166
38.809333
38.809834
38.810001
38.810001
38.810333
38.810501
38.810833
38.811833
38.812000
38.812667
38.812833
38.813167
38.813499
38.813499
38.813500
38.813500
38.813667
38.814167
38.814333
38.814835
38.815000
38.815498
38.815498
38.815498
38.815834
38.816834
38.817500
38.817501
38.817665
38.818001
38.818001
38.818667
38.819500
38.819832
38.820000
38.820167
38.820332
38.820333
38.820667
38.820833
38.821335
38.821667
38.821667
38.822166
38.822498
38.822498
38.822500
38.823500
38.823502
38.823502
38.823833
38.824001
38.824165
38.824165
38.824167
38.824333
38.825001
38.825165
38.825167
38.825667
38.825832
38.825833
38.826000
38.826168
38.826168
38.826332
38.826333
38.826500
38.826500
38.827331
38.828167
38.828667
38.829667
38.830500
38.831665
38.832333
38.832832
38.832833
38.833000
38.833000
38.833168
38.833333
38.833500
38.833668
38.834000
38.834000
38.834331
38.834331
38.834499
38.834500
38.834667
38.835000
38.835167
38.835499
38.835500
38.835667
38.835667
38.835667
38.835833
38.836834
38.837000
38.837333
38.838501
38.838833
38.839000
38.839500
38.839668
38.839668
38.840000
38.840000
38.840000
38.840168
38.840668
38.840832
38.841000
38.841000
38.841167
38.841835
38.842167
38.852000
38.863700
38.865333
38.865500
38.881700
38.942500
38.947000
38.955500
38.974167
38.993333
38.994833
39.182300
39.263167
39.271333
39.290167
39.292833
39.333167
39.335000
39.336200
39.337600
39.346833
39.356333
39.356333
39.356500
39.357167
39.357333
39.357500
39.358167
39.358500
39.358667
39.358667
39.358667
39.359000
39.359000
39.359000
39.359333
39.359333
39.359500
39.359667
39.359900
39.359900
39.360333
39.360333
39.360667
39.360667
39.361333
39.361500
39.361667
39.362000
39.362167
39.362333
39.362500
39.362667
39.362667
39.363167
39.363167
39.363667
39.363833
39.363833
39.364000
39.364000
39.364167
39.364167
39.364333
39.364500
39.364500
39.364500
39.364667
39.364667
39.364833
39.365000
39.365167
39.365333
39.366333
39.366500
39.367000
39.367000
39.367167
39.367667
39.368167
39.368167
39.405000
39.405300
39.406900
39.407300
39.413500
39.417400
39.428400
39.436900
39.483500
39.485833
39.487500
39.495200
39.578200
39.609667
39.611800
39.622200
39.640600
39.705000
39.706333
39.742900
39.804900
39.824600
39.848900
39.850500
39.850500
39.881200
39.911500
39.914333
39.915667
39.916500
39.917833
39.920700
39.922167
39.924000
39.938000
39.947000
39.960700
39.970900
40.007500
40.058000
40.076600
40.087000
40.087100
40.091000
40.097400
40.097400
40.209500
40.290500
40.291333
40.383700
40.421000
40.466667
40.468500
40.468833
40.484667
40.515000
40.554700
40.569333
40.675833
40.677000
40.725833
40.728167
40.730167
40.731833
40.732500
40.757500
40.760000
40.778333
40.781000
40.856667
41.338333
41.349833
41.437000
41.443667
41.445000
41.449667
41.455167
41.478900
41.486600
41.738667
41.875833
42.611000
43.171500
43.283900
43.435500
43.638400
43.733167
43.764100
43.902800
44.035500
44.135300
44.212833
44.247667
44.268100
44.270167
44.282500
44.288167
44.290000
44.291333
44.295800
44.301667
44.308500
44.314667
44.320833
44.333700
44.344900
44.357600
44.359600
44.364833
44.365500
44.370000
44.374800
44.378000
44.378833
44.383900
44.403500
44.433000
44.434500
44.478500
44.479333
44.509833
44.522000
44.530600
44.540667
44.557000
44.557333
44.562833
44.563167
44.564833
44.589833
44.639000
44.668833
44.673833
44.681667
44.694000
44.725167
44.728833
44.733167
44.733667
44.734167
44.736167
44.736333
44.737500
44.738333
44.742167
44.742667
44.743167
44.764167
44.772167
45.553333
45.575200
45.689333
45.850833
45.859000
45.871000
45.873333
45.883167
45.930000
45.951500
46.009000
46.014167
46.056667
46.194667
46.196500
46.197333
46.198500
46.198833
46.200167
46.202667
46.231300
46.232000
46.236000
46.236333
46.237333
46.243167
46.291000
46.309000
46.350500
46.389667
46.466000
46.588833
46.661667
46.724667
46.767167
46.845167
46.845333
46.847333
46.847333
46.849833
46.853500
46.862667
46.869167
46.878000
46.897167
46.900667
46.924833
46.926833
46.930000
46.952833
46.967333
47.024833
47.074167
47.136000
47.170167
47.212167
47.265333
47.280167
47.286500
47.324167
47.432667
47.441600
47.506167
47.521833
47.527667
47.528667
47.551000
47.569167
47.637000
47.643667
47.648500
47.674500
47.686000
47.687000
47.696000
47.704833
47.737333
47.753167
47.838500
47.887500
47.897667
47.925300
48.165667
48.222167
48.279667
48.321167
48.428667
48.436500
48.456833
48.484833
48.574500
48.692167
49.069500
49.388500
50.316100
50.323500
50.710200
50.794400
51.085700
51.126400
51.164000
51.176300
51.182000
51.186600
51.252000
51.260600
51.284300
51.300000
51.302200
51.325300
51.330400
51.360800
51.395300
51.408300
51.409100
51.429800
51.434700
51.450900
51.473900
51.477400
51.481600
51.482200
51.501500
51.515800
51.525400
51.531200
51.547700
51.549000
51.554700
51.555100
51.583800
51.583800
51.591400
51.594600
51.604300
51.622700
51.655700
51.673400
51.680600
51.686900
51.708100
51.758300
51.761800
51.769000
51.776200
51.785900
51.828500
51.843500
51.862667
51.869000
51.915400
51.935667
52.037333
52.052833
52.057700
52.066333
52.068833
52.076333
52.078833
52.089200
52.107500
52.181700
52.198600
52.210700
52.261667
52.288667
52.320167
52.322500
52.322833
52.328700
52.331667
52.335700
52.337167
52.367000
52.550400
52.605700
52.617400
52.697100
52.698800
52.718400
52.721800
52.815000
52.908600
53.117800
53.128500
53.139000
53.500600
53.551800
53.559000
53.582500
53.582500
53.626800
53.635100
53.703300
53.733300
53.800667
53.853333
53.860333
53.861100
53.863000
53.865667
53.866000
53.866500
53.867833
53.868333
53.870167
53.885900
53.935500
53.982000
53.991000
54.029833
54.094700
54.127833
54.129500
54.137800
54.139833
54.140000
54.140500
54.144667
54.145333
54.197400
54.276600
54.290300
54.317300
54.319700
54.397000
54.438500
54.481900
54.522100
54.535000
54.545400
54.547800
54.569100
54.569200
54.571700
54.576700
54.593300
54.605500
54.608900
54.615700
54.618900
54.619700
54.622100
54.637900
54.641200
54.646600
54.654400
54.655000
54.664300
54.676700
54.677800
54.679700
54.683200
54.692000
54.703400
54.727300
54.735200
54.736300
54.745800
54.754500
54.810900
54.830800
54.832400
54.837300
54.844400
54.863300
54.866000
54.868800
54.870000
54.883000
54.897600
54.902000
54.903300
54.919400
54.937500
54.987000
54.993800
55.033400
55.147300
55.529000
55.866500
56.066667
56.309700
56.315667
56.335200
56.445800
56.516200
56.836000
56.857900
56.861700
56.888600
57.086000
57.095600
57.127200
57.143600
57.152300
57.351900
57.374200
57.493300
57.772800
57.806900
57.852000
57.952300
57.983800
57.984100
58.051100
58.085200
58.163167
58.164500
58.168600
58.170800
58.172000
58.172833
58.178200
58.179000
58.184333
58.185167
58.185900
58.224000
58.228667
58.231667
58.233333
58.238333
58.239500
58.239833
58.240333
58.243500
58.248000
58.249833
58.260167
58.267000
58.273167
58.276000
58.282100
58.288900
58.290500
58.294100
58.302500
58.331000
58.342667
58.398400
58.416833
58.426600
58.453200
58.455300
58.456100
58.488333
58.505667
58.542700
58.626900
58.701800
58.762100
58.807300
58.945300
58.960000
59.024600
59.123100
59.228200
59.233700
59.256200
59.295600
59.315500
59.360500
59.362833
59.393200
59.414400
59.433000
59.484900
59.524900
59.574500
59.583300
59.595800
59.618500
59.635000
59.660300
59.660900
59.696900
59.702600
59.702700
59.763100
59.775500
59.798400
59.799700
59.801800
59.875100
59.886300
59.908100
59.950400
59.963600
59.968500
60.001500
60.008200
60.027500
60.036500
60.041500
60.046000
60.064200
60.064700
60.069500
60.076400
60.086700
60.097100
60.108900
60.117500
60.128400
60.136400
60.138000
60.138800
60.157400
60.161800
60.168700
60.172600
60.174000
60.174100
60.193300
60.194000
60.196000
60.203000
60.203500
60.218200
60.237300
60.246000
60.249800
60.258300
60.260600
60.261900
60.266200
60.268600
60.312000
60.318900
60.378300
60.417100
60.424600
60.427700
60.456600
60.458900
60.474100
60.474900
60.495400
60.503600
60.516200
60.521833
60.523000
60.523000
60.523800
60.528333
60.529333
60.545800
60.551200
60.553900
60.613400
60.625000
60.634200
60.636700
60.646200
60.651100
60.654700
60.660500
60.723500
60.727100
60.727400
60.729400
60.729700
60.732900
60.807600
60.807700
60.823000
60.839900
60.841800
60.860800
60.867700
60.874400
60.881900
60.887400
60.924400
60.999100
61.024700
61.027500
61.034100
61.042900
61.055700
61.055800
61.061400
61.062700
61.068600
61.076300
61.085800
61.091000
61.097700
61.098300
61.103400
61.106100
61.106500
61.112700
61.126800
61.127700
61.147300
61.149700
61.153500
61.172300
61.178333
61.214700
61.222700
61.228400
61.232200
61.242300
61.253000
61.264900
61.289900
61.301700
61.301700
61.325600
61.327800
61.333300
61.333400
61.341000
61.347700
61.369400
61.378200
61.386800
61.392600
61.396600
61.400700
61.401000
61.406300
61.409200
61.409600
61.414700
61.415900
61.419100
61.422400
61.427500
61.433300
61.434600
61.435000
61.436000
61.438700
61.439200
61.439400
61.441000
61.454800
61.460800
61.465100
61.490800
61.492000
61.493500
61.496600
61.513700
61.518100
61.522600
61.522600
61.526500
61.528000
61.529800
61.552200
61.557700
61.574200
61.574800
61.587400
61.601800
61.630900
61.634600
61.635800
61.642800
61.643100
61.645800
61.647100
61.664300
61.670600
61.693700
61.703700
61.726300
61.731900
61.752200
61.760400
61.809800
61.816500
61.872800
61.882200
61.883600
61.883600
61.908800
61.931333
61.979700
61.989300
62.015000
62.015700
62.018000
62.018300
62.023167
62.025333
62.034800
62.041700
62.042167
62.053000
62.062700
62.066800
62.089700
62.118700
62.118800
62.121000
62.138700
62.148600
62.178700
62.183700
62.194900
62.200300
62.215000
62.227800
62.243800
62.253200
62.254100
62.265700
62.267700
62.268700
62.282200
62.289500
62.290400
62.307700
62.314000
62.337500
62.354500
62.386300
62.396700
62.422900
62.468800
62.473300
62.503000
62.526100
62.562400
62.607000
62.614300
62.644600
62.665200
62.727200
62.750600
62.764300
62.771500
62.805100
62.814800
62.837400
62.871600
62.882800
62.899200
62.903900
62.916000
62.918500
62.939100
62.941900
62.954700
62.990100
62.991200
62.995400
63.000100
63.006600
63.007000
63.008900
63.009200
63.015100
63.016400
63.019000
63.020300
63.036900
63.046000
63.046400
63.053600
63.055400
63.056500
63.057700
63.063000
63.071300
63.075900
63.083600
63.087900
63.088100
63.093600
63.095600
63.104200
63.109000
63.109700
63.133600
63.134000
63.148300
63.158700
63.172900
63.177400
63.179600
63.184400
63.191000
63.200500
63.205400
63.210700
63.215400
63.215900
63.225700
63.231400
63.235200
63.237900
63.256700
63.257000
63.257400
63.262200
63.266500
63.267000
63.275900
63.279000
63.279900
63.302400
63.309100
63.312500
63.324400
63.328000
63.343800
63.345000
63.350500
63.359300
63.365100
63.365500
63.381800
63.388000
63.407200
63.435900
63.439300
63.453700
63.454900
63.464400
63.467000
63.469500
63.469600
63.471300
63.507100
63.520200
63.528100
63.534500
63.542800
63.559200
63.566200
63.573400
63.574000
63.590700
63.603200
63.658200
63.707200
63.731600
63.737000
63.915100
63.931000
64.007300
64.038300
64.178100
64.283100
64.393500
64.416200
64.453900
64.502100
64.515600
64.516300
64.521300
64.521700
64.529200
64.530700
64.548200
64.585800
64.594600
64.618100
64.635200
64.635600
64.641400
64.644600
64.657500
64.665200
64.670700
64.705400
64.729300
64.737900
64.745900
64.876800
64.889100
64.947100
64.954300
64.962500
64.969500
64.992000
64.993300
64.994300
65.005000
65.021200
65.023200
65.029500
65.037600
65.079200
65.169900
65.192500
65.216100
65.224300
65.397200
65.399700
65.400400
65.408700
65.409300
65.430500
65.470000
65.471300
65.481100
65.481200
65.495100
65.688400
65.753700
65.946600
66.033600
66.056900
66.133700
66.217800
66.250100
66.253500
66.290800
66.308100
66.324000
66.325200
66.328700
66.328900
66.329100
66.341600
66.343900
66.443400
66.645100
66.770100
66.818400
67.144300
67.234900
67.275600
67.332700
67.350300
67.351000
67.356400
67.373500
67.462800
67.531700
67.774800
67.933600
68.530500
68.532700
68.539900
68.541700
68.557000
68.557100
68.563200
68.567700
68.586800
68.697000
68.885700
69.278000
69.403100
69.406900
69.410400
69.416500
69.418500
69.450600
69.481900
69.516400
69.538800
69.551600
69.588500
69.613900
71.628900
