-62.457900
-62.343700
-62.335400
-62.335300
-62.334000
-62.325200
-62.305300
-62.273400
-62.239200
-60.415100
-57.462500
-57.197800
-55.514500
-49.889300
-48.443300
-48.031400
-39.178100
-33.808200
-33.699800
-33.653700
-33.582600
-33.004300
-29.256300
-28.883000
-27.729300
-26.264300
-25.452800
-24.881200
-24.267100
-24.156500
-24.120600
-22.489000
-22.181200
-21.033900
-21.021600
-21.002900
-20.874200
-19.634700
-19.535500
-19.470400
-19.245800
-19.061500
-18.182500
-18.147400
-18.095200
-17.992500
-17.783100
-17.750700
-17.169200
-17.104100
-17.084600
-17.025800
-17.013500
-16.065400
-15.166600
-15.150400
-11.828500
-11.429000
-10.910300
-10.909800
-9.890400
-9.763800
-9.627100
-9.455900
-7.960900
-7.164000
-6.946200
-6.851800
-6.701700
-6.364700
-6.086700
-5.657700
-5.483000
-4.595400
-4.199900
-3.280400
-2.941500
-2.495900
-2.476500
-2.462900
-0.752400
0.067700
1.107700
1.680700
3.078000
3.652700
3.873700
3.958800
4.031600
4.050900
5.112800
6.287700
6.623600
7.859900
9.132500
9.158100
9.209400
9.227200
9.511400
9.727300
10.762000
12.335200
12.342200
12.527200
13.400800
13.999500
14.184400
14.461100
14.485200
16.161400
17.610800
17.670300
17.820800
17.828500
17.839600
17.840600
17.842600
17.844300
17.866600
17.869100
17.877500
17.914300
17.915100
17.916300
17.917500
17.921600
17.925600
17.927000
17.927300
17.928000
17.928000
17.928800
17.928800
17.929000
17.929300
17.929600
17.930300
17.931100
17.932100
17.932800
17.932800
17.933100
17.933100
17.933600
17.933600
17.935000
17.935600
17.936000
17.936100
17.936800
17.937300
17.937500
17.937800
17.938800
17.938800
17.939000
17.939300
17.940000
17.940300
17.940500
17.940500
17.940800
17.941300
17.941500
17.941500
17.942600
17.943500
17.946000
17.946300
17.946300
17.947500
17.947800
17.948500
17.949000
17.954800
17.956600
17.957100
17.961100
17.961500
17.964000
17.970600
17.971500
17.978300
17.985000
17.986600
17.988400
17.999500
18.006500
18.016300
18.017800
18.021300
18.025800
18.622100
18.886500
19.063999
19.138334
19.140167
19.146999
19.149500
19.150999
19.159834
19.163334
19.165333
19.165667
19.169167
19.173000
19.173500
19.175500
19.175501
19.177166
19.179832
19.184500
19.187334
19.191668
19.193501
19.196333
19.199167
19.200167
19.200333
19.201800
19.208166
19.214333
19.214333
19.217667
19.219667
19.220667
19.223167
19.223833
19.224333
19.224501
19.224667
19.226667
19.226999
19.227667
19.228500
19.230167
19.230833
19.231333
19.234167
19.238832
19.239334
19.245500
19.268499
19.290667
19.294167
19.307800
19.315500
19.326666
19.339666
19.341333
19.343834
19.345167
19.345500
19.350167
19.352833
19.353333
19.361166
19.377501
19.399500
19.400500
19.401167
19.401501
19.401833
19.403999
19.405500
19.407333
19.410000
19.410166
19.410300
19.413334
19.414000
19.416000
19.416500
19.417000
19.438667
19.447666
19.455000
19.464833
19.469333
19.476166
19.483334
19.484500
19.508833
19.529333
19.892600
19.919000
19.932833
20.003167
21.796700
22.134400
22.393200
22.423600
22.430800
22.454200
24.647000
24.865300
26.192900
28.822200
30.530500
31.392400
31.520667
31.638300
31.665600
32.103800
32.143000
32.149833
32.271333
32.405300
32.675833
32.693667
32.704667
32.805667
32.862667
32.867833
32.931667
32.938667
32.939333
32.939833
32.944500
32.971333
32.976500
32.985167
33.004000
33.004000
33.006500
33.007833
33.010333
33.011833
33.012667
33.012833
33.012833
33.013833
33.014833
33.015333
33.015500
33.016333
33.016333
33.016833
33.017167
33.017167
33.017167
33.018667
33.019000
33.019333
33.019833
33.019833
33.020333
33.020500
33.020833
33.020833
33.020833
33.020833
33.021000
33.021167
33.021167
33.022000
33.023667
33.024000
33.024333
33.024500
33.024500
33.025333
33.025667
33.025833
33.025833
33.026500
33.026500
33.026667
33.026833
33.027333
33.027333
33.028000
33.028000
33.028333
33.028667
33.028667
33.029333
33.029500
33.029667
33.029833
33.029833
33.030167
33.030167
33.030333
33.030500
33.030833
33.031167
33.031333
33.031500
33.031667
33.031667
33.031833
33.032333
33.032333
33.032667
33.032667
33.032833
33.032833
33.033000
33.033000
33.033165
33.033333
33.033333
33.033500
33.033500
33.033500
33.033500
33.033500
33.033500
33.033667
33.033667
33.033833
33.033833
33.034167
33.034167
33.034333
33.034333
33.034333
33.034333
33.034500
33.034500
33.034667
33.034833
33.034833
33.035000
33.035167
33.035332
33.035333
33.035667
33.035667
33.035833
33.035833
33.036000
33.036000
33.036333
33.036667
33.036667
33.036667
33.036667
33.036833
33.036833
33.037167
33.037333
33.037666
33.037667
33.037667
33.037667
33.037667
33.037667
33.037833
33.037833
33.038000
33.038000
33.038000
33.038167
33.038167
33.038167
33.038167
33.038167
33.038167
33.038333
33.038333
33.038500
33.038500
33.038500
33.038500
33.038667
33.038667
33.038667
33.038833
33.039000
33.039000
33.039167
33.039167
33.039333
33.039333
33.039333
33.039500
33.039500
33.039500
33.039500
33.039667
33.039667
33.039667
33.039667
33.039667
33.039833
33.039833
33.039833
33.039833
33.040000
33.040167
33.040333
33.040333
33.040333
33.040500
33.040500
33.040667
33.040667
33.040833
33.040833
33.040833
33.041000
33.041000
33.041000
33.041167
33.041333
33.041500
33.041500
33.041500
33.041667
33.041667
33.041833
33.041833
33.041833
33.042000
33.042000
33.042167
33.042333
33.042333
33.042333
33.042500
33.042667
33.042833
33.042833
33.042833
33.043333
33.043333
33.043500
33.043667
33.043667
33.043833
33.043833
33.043833
33.043833
33.044000
33.044000
33.044167
33.044167
33.044167
33.044333
33.044333
33.044333
33.044500
33.044667
33.044667
33.044833
33.044833
33.044833
33.045000
33.045000
33.045333
33.045333
33.045333
33.045500
33.045500
33.045667
33.045667
33.045667
33.045667
33.045667
33.045667
33.045833
33.045833
33.045833
33.045833
33.046000
33.046000
33.046001
33.046167
33.046167
33.046333
33.046333
33.046333
33.046333
33.046333
33.046500
33.046500
33.046667
33.046667
33.046667
33.046667
33.046667
33.046667
33.046833
33.046833
33.047000
33.047000
33.047000
33.047000
33.047167
33.047333
33.047500
33.047667
33.047667
33.047833
33.047833
33.047833
33.047833
33.047833
33.048000
33.048000
33.048333
33.048333
33.048500
33.048500
33.048500
33.048667
33.048667
33.048667
33.048833
33.048833
33.048833
33.048833
33.049000
33.049000
33.049167
33.049333
33.049333
33.049333
33.049333
33.049333
33.049500
33.049500
33.049500
33.049667
33.049667
33.049667
33.049667
33.049833
33.050000
33.050000
33.050000
33.050000
33.050000
33.050167
33.050500
33.050667
33.050667
33.050833
33.051000
33.051000
33.051000
33.051000
33.051167
33.051167
33.051333
33.051333
33.051500
33.051500
33.051667
33.051667
33.051833
33.051833
33.051833
33.051833
33.052000
33.052167
33.052167
33.052167
33.052167
33.052167
33.052167
33.052167
33.052167
33.052167
33.052333
33.052333
33.052500
33.052500
33.052667
33.052833
33.053000
33.053000
33.053000
33.053000
33.053000
33.053167
33.053333
33.053500
33.053667
33.053667
33.053667
33.053667
33.053833
33.053833
33.053833
33.054000
33.054000
33.054000
33.054000
33.054000
33.054000
33.054167
33.054167
33.054333
33.054333
33.054333
33.054333
33.054333
33.054333
33.054333
33.054500
33.054500
33.054500
33.054500
33.054667
33.054667
33.054833
33.054833
33.055000
33.055000
33.055000
33.055000
33.055000
33.055000
33.055000
33.055000
33.055333
33.055500
33.055500
33.055500
33.055500
33.055667
33.055667
33.055667
33.055667
33.055900
33.056000
33.056000
33.056000
33.056000
33.056000
33.056000
33.056167
33.056167
33.056167
33.056167
33.056333
33.056333
33.056333
33.056333
33.056333
33.056500
33.056500
33.056500
33.056500
33.056500
33.056500
33.056667
33.056667
33.056667
33.056667
33.056667
33.056667
33.056833
33.056833
33.056833
33.056833
33.056833
33.056833
33.057000
33.057000
33.057000
33.057000
33.057000
33.057000
33.057000
33.057167
33.057167
33.057333
33.057333
33.057500
33.057500
33.057500
33.057500
33.057500
33.057667
33.057667
33.057667
33.057833
33.057833
33.057833
33.057833
33.058000
33.058000
33.058167
33.058167
33.058167
33.058167
33.058167
33.058167
33.058333
33.058333
33.058333
33.058333
33.058333
33.058333
33.058333
33.058334
33.058500
33.058500
33.058500
33.058500
33.058500
33.058667
33.058667
33.058667
33.058833
33.058833
33.058833
33.059000
33.059000
33.059000
33.059000
33.059000
33.059000
33.059000
33.059000
33.059000
33.059167
33.059167
33.059167
33.059167
33.059167
33.059167
33.059167
33.059333
33.059333
33.059333
33.059333
33.059333
33.059333
33.059500
33.059500
33.059500
33.059500
33.059500
33.059500
33.059500
33.059500
33.059500
33.059667
33.059667
33.059667
33.059667
33.060000
33.060000
33.060000
33.060000
33.060000
33.060000
33.060000
33.060167
33.060167
33.060333
33.060333
33.060333
33.060333
33.060333
33.060333
33.060333
33.060500
33.060500
33.060500
33.060500
33.060500
33.060500
33.060500
33.060667
33.060667
33.060667
33.060667
33.060667
33.060833
33.060833
33.060833
33.060833
33.060833
33.060833
33.061000
33.061000
33.061000
33.061000
33.061000
33.061000
33.061000
33.061000
33.061167
33.061167
33.061333
33.061333
33.061333
33.061333
33.061333
33.061333
33.061333
33.061333
33.061500
33.061500
33.061500
33.061500
33.061500
33.061500
33.061500
33.061500
33.061667
33.061667
33.061667
33.061667
33.061667
33.061833
33.061833
33.061833
33.061833
33.062000
33.062000
33.062000
33.062000
33.062167
33.062167
33.062167
33.062167
33.062167
33.062167
33.062333
33.062333
33.062333
33.062333
33.062333
33.062500
33.062500
33.062500
33.062500
33.062500
33.062667
33.062667
33.062667
33.062667
33.062667
33.062667
33.062833
33.062833
33.062833
33.062833
33.062833
33.062833
33.063000
33.063000
33.063167
33.063167
33.063167
33.063333
33.063333
33.063333
33.063333
33.063333
33.063333
33.063333
33.063500
33.063500
33.063500
33.063500
33.063500
33.063667
33.063667
33.063667
33.063667
33.063667
33.063667
33.063667
33.063833
33.063833
33.063833
33.063833
33.063833
33.063833
33.064000
33.064000
33.064000
33.064000
33.064000
33.064000
33.064000
33.064000
33.064000
33.064000
33.064167
33.064167
33.064167
33.064167
33.064167
33.064167
33.064167
33.064167
33.064333
33.064333
33.064333
33.064333
33.064333
33.064333
33.064500
33.064500
33.064500
33.064500
33.064667
33.064667
33.064667
33.064667
33.064667
33.064667
33.064667
33.064667
33.064667
33.064833
33.064833
33.065000
33.065000
33.065000
33.065000
33.065000
33.065000
33.065000
33.065167
33.065167
33.065333
33.065333
33.065333
33.065333
33.065333
33.065333
33.065333
33.065500
33.065500
33.065667
33.065667
33.065667
33.065833
33.065833
33.065833
33.065833
33.065833
33.065833
33.065833
33.065833
33.066000
33.066000
33.066000
33.066000
33.066000
33.066000
33.066000
33.066167
33.066167
33.066167
33.066167
33.066167
33.066167
33.066167
33.066167
33.066333
33.066333
33.066333
33.066333
33.066333
33.066500
33.066500
33.066667
33.066667
33.066667
33.066667
33.066667
33.066700
33.066833
33.066833
33.067000
33.067000
33.067000
33.067000
33.067000
33.067167
33.067167
33.067333
33.067333
33.067333
33.067333
33.067333
33.067500
33.067500
33.067500
33.067500
33.067500
33.067500
33.067500
33.067667
33.067667
33.067667
33.067667
33.067667
33.067667
33.067667
33.067667
33.067833
33.067833
33.067833
33.067833
33.068000
33.068000
33.068000
33.068000
33.068167
33.068300
33.068333
33.068333
33.068333
33.068500
33.068500
33.068500
33.068500
33.068667
33.068667
33.068667
33.068667
33.068667
33.068667
33.068833
33.068833
33.068833
33.068833
33.068833
33.069000
33.069000
33.069167
33.069167
33.069168
33.069332
33.069333
33.069333
33.069333
33.069333
33.069333
33.069667
33.069667
33.069833
33.069833
33.069833
33.069833
33.070000
33.070167
33.070167
33.070167
33.070333
33.070333
33.070333
33.070500
33.070500
33.070500
33.070667
33.070667
33.070667
33.070833
33.070833
33.071000
33.071000
33.071000
33.071000
33.071000
33.071167
33.071167
33.071167
33.071333
33.071333
33.071333
33.071333
33.071500
33.071500
33.071500
33.071667
33.071667
33.071667
33.071667
33.071667
33.071833
33.071833
33.071833
33.071833
33.071833
33.071833
33.072333
33.072333
33.072500
33.072500
33.072500
33.072500
33.072500
33.072500
33.072667
33.072833
33.072833
33.072833
33.073000
33.073167
33.073167
33.073167
33.073167
33.073167
33.073333
33.073333
33.073333
33.073500
33.073500
33.073500
33.073667
33.073833
33.074333
33.074500
33.074500
33.074500
33.074667
33.074667
33.074833
33.074833
33.074833
33.075000
33.075167
33.075167
33.075333
33.075500
33.075500
33.075500
33.075500
33.076000
33.076167
33.076167
33.076167
33.076333
33.076333
33.076667
33.076667
33.076667
33.076833
33.077000
33.077333
33.077333
33.077500
33.077667
33.077667
33.077667
33.077833
33.078000
33.078833
33.079667
33.079833
33.080333
33.081667
33.082333
33.082333
33.084000
33.084833
33.085167
33.086333
33.088833
33.091667
33.092167
33.092667
33.094167
33.094167
33.095167
33.096333
33.096667
33.096833
33.097000
33.097500
33.099667
33.099667
33.100167
33.100167
33.100333
33.101000
33.101333
33.101500
33.101833
33.102333
33.102500
33.102833
33.102833
33.103167
33.103167
33.103167
33.103333
33.103667
33.103833
33.103833
33.104333
33.104667
33.104667
33.104833
33.105000
33.105000
33.105000
33.105167
33.105333
33.105500
33.105667
33.106000
33.106167
33.106667
33.106667
33.106833
33.106833
33.107167
33.107667
33.107833
33.107833
33.108000
33.108333
33.108333
33.108500
33.109167
33.109667
33.110000
33.110333
33.110500
33.110833
33.111000
33.111167
33.112167
33.112167
33.112167
33.114833
33.116000
33.120000
33.141833
33.145500
33.152500
33.159167
33.161500
33.164667
33.164667
33.165500
33.167167
33.168667
33.169667
33.170500
33.172667
33.172667
33.177833
33.178000
33.183667
33.195167
33.196833
33.211333
33.232700
33.243400
33.259833
33.282833
33.284333
33.314500
33.315167
33.315500
33.315667
33.321667
33.330667
33.337500
33.344833
33.351333
33.368667
33.378667
33.388833
33.434167
33.436000
33.438667
33.455167
33.457500
33.457500
33.465833
33.469333
33.480667
33.481333
33.482500
33.485167
33.486500
33.486667
33.487167
33.488333
33.489500
33.489667
33.490000
33.490167
33.490167
33.490500
33.490500
33.490500
33.490500
33.491333
33.491500
33.492000
33.492500
33.492667
33.493667
33.494500
33.494500
33.494833
33.497667
33.498500
33.500500
33.501000
33.502500
33.502833
33.503833
33.504500
33.504833
33.506000
33.506167
33.512500
33.516167
33.532333
33.551500
33.554333
33.556500
33.577167
33.586000
33.592500
33.617667
33.619833
33.619833
33.622500
33.623500
33.623667
33.623833
33.624167
33.624500
33.624500
33.625500
33.628500
33.628667
33.636500
33.636833
33.646667
33.648167
33.650833
33.652000
33.653000
33.659167
33.661167
33.662667
33.667833
33.668833
33.672167
33.675500
33.684833
33.689000
33.689167
33.690500
33.695167
33.695833
33.696500
33.697333
33.699500
33.700333
33.701167
33.704167
33.706833
33.759333
33.789333
33.789500
33.790000
33.790167
33.790167
33.790333
33.790333
33.817000
33.846333
33.852000
33.853833
33.867500
33.870333
33.870333
33.875167
33.888000
33.888500
33.894667
33.912167
33.912167
33.914500
33.932000
33.942667
33.944167
33.976667
33.988000
34.009000
34.011000
34.013333
34.019333
34.034833
34.038000
34.046000
34.047833
34.048333
34.057500
34.057833
34.075667
34.107000
34.124000
34.125833
34.128000
34.149400
34.154833
34.187667
34.231000
34.231167
34.233333
34.277833
34.304667
34.322000
34.323833
34.326900
34.330333
34.369500
34.500667
34.673167
34.723833
34.734000
34.799833
34.827000
34.868667
34.870333
34.928333
35.036000
35.039400
35.059833
35.068333
35.072100
35.072500
35.073167
35.075167
35.110333
35.120167
35.309000
35.349000
35.361167
35.370167
35.416000
35.419667
35.425500
35.428333
35.518500
35.529000
35.529667
35.541000
35.563167
35.565000
35.565833
35.584167
35.592000
35.592333
35.598167
35.599500
35.605500
35.605500
35.608333
35.609167
35.610333
35.611500
35.617167
35.626833
35.628167
35.629833
35.630500
35.631167
35.634167
35.638833
35.651000
35.651500
35.652000
35.652500
35.654667
35.655500
35.656333
35.659500
35.659500
35.659667
35.661900
35.662000
35.662667
35.663000
35.663500
35.665167
35.665500
35.666500
35.666667
35.666667
35.667333
35.669167
35.669167
35.670500
35.670667
35.672000
35.673667
35.673833
35.674000
35.675000
35.676667
35.678500
35.680833
35.681667
35.686500
35.691833
35.693167
35.695333
35.696167
35.697667
35.702333
35.703833
35.708500
35.710833
35.716167
35.730500
35.741000
35.745667
35.748833
35.760333
35.761000
35.762167
35.769500
35.772833
35.796500
35.797000
35.803833
35.830100
35.830667
35.832833
35.835500
35.842000
35.845500
35.850000
35.853500
35.855167
35.856500
35.856667
35.858667
35.859500
35.860833
35.861333
35.861667
35.862667
35.862833
35.864833
35.865833
35.867167
35.868833
35.869333
35.870000
35.870667
35.875500
35.880333
35.882500
35.883167
35.891500
35.891500
35.893000
35.901500
35.903167
35.905667
35.906000
35.906167
35.908833
35.909333
35.909500
35.910500
35.910833
35.912333
35.912833
35.923167
35.924000
35.925333
35.947667
35.949000
35.949167
35.949833
35.950667
35.955000
35.955333
35.956500
35.963167
35.966000
35.967167
35.967500
35.967500
35.969167
35.970000
35.977667
35.978833
35.979000
35.981667
35.985167
35.995000
35.997000
36.002500
36.005000
36.005167
36.006333
36.010333
36.020833
36.026833
36.044667
36.058000
36.061167
36.061833
36.065833
36.066500
36.069333
36.077000
36.088167
36.095667
36.096833
36.105833
36.106500
36.107167
36.108333
36.109000
36.112000
36.112000
36.112500
36.113833
36.114333
36.122833
36.123833
36.140833
36.145000
36.145333
36.149333
36.149500
36.155000
36.163667
36.204167
36.205167
36.208167
36.212167
36.225000
36.243667
36.244167
36.244167
36.255000
36.267167
36.273833
36.274500
36.275833
36.279000
36.281833
36.283667
36.285833
36.290667
36.292000
36.292500
36.301300
36.305000
36.341500
36.356000
36.372833
36.390833
36.415167
36.415333
36.415667
36.416667
36.417667
36.417667
36.432000
36.445667
36.447167
36.460167
36.460500
36.461500
36.464833
36.465333
36.467000
36.467667
36.468000
36.469333
36.469833
36.472500
36.475500
36.480333
36.484167
36.485833
36.486000
36.489000
36.489667
36.490000
36.491333
36.494333
36.510167
36.522700
36.528667
36.532167
36.549000
36.550333
36.563667
36.577000
36.585000
36.696000
36.696000
36.700500
36.701167
36.757833
36.761333
36.763300
36.764300
36.776500
36.781833
36.841000
36.845800
36.861000
36.867833
36.871667
36.877000
36.897833
36.902167
36.914500
36.918000
36.922000
36.968000
37.056000
37.143833
37.249333
37.364500
37.380833
37.382200
37.402600
37.416833
37.421100
37.450167
37.464500
37.491167
37.491333
37.491667
37.491833
37.492000
37.492167
37.492167
37.492333
37.492500
37.492500
37.492667
37.493167
37.493333
37.493500
37.493500
37.493500
37.493500
37.493667
37.493833
37.493833
37.494000
37.494167
37.494333
37.494833
37.495167
37.495333
37.495500
37.495833
37.496167
37.496500
37.496500
37.496667
37.496833
37.497333
37.497667
37.497833
37.498000
37.499000
37.514000
37.564833
37.573667
37.581167
37.594167
37.600667
37.604167
37.605167
37.614167
37.620000
37.620500
37.620833
37.621000
37.621000
37.622000
37.622500
37.623000
37.623833
37.623833
37.624167
37.625000
37.625167
37.625500
37.626333
37.626833
37.632333
37.633833
37.634000
37.634333
37.634333
37.634500
37.634667
37.635167
37.635333
37.636500
37.637000
37.637167
37.637833
37.639333
37.640000
37.640000
37.640167
37.640800
37.641167
37.641500
37.641500
37.641833
37.641833
37.642333
37.642800
37.644167
37.644167
37.644667
37.650500
37.652333
37.677167
37.679667
37.683000
37.683000
37.684333
37.684333
37.684667
37.685167
37.685833
37.686000
37.686333
37.686667
37.687333
37.688667
37.689167
37.690167
37.696333
37.731667
37.781500
37.828167
37.829333
37.830833
37.831833
37.834000
37.857833
37.858167
37.868167
37.907333
37.921500
38.026500
38.026800
38.027700
38.035700
38.036800
38.038833
38.039500
38.052000
38.053500
38.079700
38.082300
38.083000
38.096700
38.098700
38.106800
38.109700
38.111200
38.115500
38.115700
38.116000
38.116300
38.118000
38.118167
38.120000
38.122200
38.122500
38.122500
38.123167
38.123300
38.123500
38.123800
38.126500
38.127000
38.127500
38.128800
38.131000
38.132000
38.132800
38.132800
38.133100
38.133200
38.133200
38.133700
38.134300
38.134700
38.135300
38.135800
38.136900
38.137300
38.137300
38.137500
38.137500
38.137500
38.137500
38.138000
38.138000
38.139000
38.139200
38.139300
38.140700
38.141200
38.141800
38.141800
38.142700
38.143000
38.143200
38.143500
38.143700
38.143700
38.143700
38.143800
38.144300
38.144500
38.145000
38.145300
38.145300
38.146200
38.147000
38.147500
38.147700
38.147800
38.148000
38.148800
38.149000
38.150200
38.150200
38.150800
38.151200
38.152200
38.152300
38.152500
38.153000
38.153500
38.153500
38.154000
38.154500
38.155200
38.155300
38.155300
38.155700
38.156300
38.156300
38.156500
38.156700
38.157000
38.157300
38.157800
38.158300
38.158700
38.159000
38.159000
38.159200
38.159500
38.159500
38.159700
38.159900
38.160800
38.160800
38.161000
38.161000
38.161300
38.161300
38.161700
38.161800
38.162300
38.162500
38.163000
38.163200
38.163300
38.163500
38.164000
38.164000
38.164300
38.164300
38.166000
38.166200
38.166300
38.166700
38.166800
38.167000
38.167200
38.167700
38.167800
38.168300
38.169000
38.169300
38.169500
38.169700
38.170000
38.170500
38.170800
38.171000
38.171200
38.171500
38.172200
38.172300
38.173200
38.173700
38.174500
38.175000
38.175200
38.175800
38.176200
38.176500
38.176600
38.179200
38.179300
38.179300
38.179700
38.179700
38.180000
38.180300
38.181500
38.182000
38.182200
38.182200
38.182500
38.182700
38.183000
38.183100
38.183500
38.183800
38.184300
38.184700
38.184700
38.185300
38.186200
38.186700
38.186800
38.189000
38.189500
38.189800
38.191200
38.191200
38.192000
38.193700
38.193800
38.194300
38.195200
38.196200
38.198500
38.199500
38.199800
38.200300
38.206300
38.206700
38.207800
38.209700
38.213700
38.213700
38.215000
38.215200
38.217800
38.218700
38.221833
38.222300
38.229500
38.230700
38.231700
38.249500
38.249800
38.288800
38.336300
38.356400
38.363900
38.371500
38.375000
38.466200
38.489333
38.492333
38.517333
38.549333
38.580700
38.589000
38.661333
38.671500
38.683800
38.690200
38.692000
38.692200
38.694100
38.694800
38.695300
38.695333
38.696800
38.697700
38.730335
38.743833
38.747500
38.751000
38.752667
38.754500
38.755667
38.757500
38.758167
38.758500
38.760333
38.763167
38.763168
38.763333
38.763333
38.764668
38.765499
38.768167
38.770000
38.775665
38.779499
38.779999
38.783600
38.784832
38.786335
38.788167
38.788167
38.788666
38.789166
38.789500
38.789500
38.789501
38.789665
38.790501
38.791168
38.791332
38.793000
38.793500
38.794834
38.795334
38.796001
38.796500
38.797165
38.797501
38.797501
38.800335
38.801334
38.802000
38.803001
38.805000
38.805332
38.806000
38.806332
38.806500
38.806999
38.807167
38.807167
38.807667
38.807833
38.808166
38.809667
38.809833
38.809833
38.810001
38.810165
38.810165
38.810833
38.811333
38.812000
38.812668
38.813000
38.813332
38.813835
38.813999
38.814835
38.815166
38.816334
38.816666
38.816833
38.816833
38.816833
38.817001
38.817333
38.817333
38.817333
38.817333
38.817833
38.818333
38.818333
38.819668
38.819833
38.819833
38.819833
38.820000
38.820000
38.820167
38.820332
38.820667
38.820667
38.821167
38.821499
38.821499
38.821835
38.822000
38.822498
38.822666
38.822666
38.823334
38.823666
38.823833
38.824333
38.824833
38.824833
38.825000
38.825001
38.825667
38.826167
38.826833
38.827499
38.827500
38.827500
38.828333
38.828833
38.828999
38.829498
38.829500
38.830833
38.831167
38.831500
38.832000
38.832165
38.832167
38.832500
38.832668
38.832832
38.833667
38.833668
38.833832
38.834000
38.834167
38.834331
38.834499
38.834667
38.834667
38.834833
38.835500
38.835667
38.835833
38.835834
38.835999
38.836333
38.836498
38.837167
38.837666
38.837666
38.837833
38.838501
38.839167
38.839667
38.840332
38.840668
38.841499
38.841667
38.842167
38.842835
38.842999
38.843167
38.846667
38.896000
38.969167
38.977667
39.004500
39.033400
39.036000
39.067700
39.106700
39.118100
39.152300
39.158300
39.225300
39.227600
39.331400
39.354900
39.360500
39.361167
39.365167
39.367167
39.368833
39.382500
39.382800
39.401700
39.402200
39.406600
39.410800
39.412167
39.436333
39.488000
39.507167
39.525300
39.595900
39.644333
39.700300
39.701900
39.721167
39.846333
39.944800
39.985000
39.988500
39.998900
39.999200
40.005000
40.012000
40.016800
40.041600
40.094100
40.098300
40.101100
40.102500
40.290500
40.295500
40.302833
40.312500
40.331833
40.366667
40.367167
40.377500
40.483333
40.492200
40.495167
40.569200
40.609800
40.613700
40.726500
40.743000
40.751500
40.758333
40.760500
41.284667
41.336000
41.339667
41.339667
41.340500
41.340833
41.354300
41.401700
41.447500
41.535333
41.554500
41.555333
41.620800
41.638100
41.841667
41.850800
41.902833
41.911333
41.911500
41.919000
42.816300
42.854700
42.857300
43.008200
43.543667
43.625167
43.715667
43.991000
44.116000
44.122500
44.124400
44.131000
44.223000
44.231000
44.257333
44.268167
44.274333
44.275667
44.276500
44.280833
44.286167
44.287667
44.288667
44.289000
44.290833
44.295833
44.297333
44.299333
44.300500
44.301667
44.306667
44.307833
44.308000
44.308300
44.308833
44.311833
44.312833
44.313167
44.313500
44.316500
44.317000
44.331333
44.357333
44.360333
44.363600
44.363667
44.366167
44.369500
44.369833
44.374833
44.378333
44.378333
44.380167
44.402833
44.409667
44.410000
44.432667
44.440167
44.450833
44.457167
44.470000
44.485833
44.492700
44.502800
44.519667
44.525700
44.526667
44.559167
44.665167
44.681000
44.683333
44.769333
44.817667
44.843167
45.161167
45.182500
45.331333
45.553333
45.624000
45.699500
45.856833
45.868167
45.945833
45.996833
46.001700
46.008000
46.057500
46.196000
46.201000
46.289333
46.294833
46.319500
46.322333
46.334500
46.474167
46.524667
46.558333
46.745833
46.830833
46.836333
46.843167
46.845000
46.846167
46.852333
46.854000
46.856833
46.861833
46.868000
46.871667
46.922000
46.925500
46.976333
47.061000
47.070333
47.290000
47.324500
47.410833
47.462833
47.472000
47.485000
47.505667
47.542500
47.553167
47.561500
47.565500
47.574833
47.591833
47.669000
47.733000
47.735500
47.738333
47.748500
47.756500
47.874833
48.063333
48.160400
48.286667
48.348667
48.546500
48.621667
48.623500
48.627667
48.681667
48.709667
48.940833
48.949333
48.956667
48.966500
48.966833
48.973333
49.415100
50.980800
51.025700
51.178600
51.216000
51.260300
51.265600
51.345500
51.360600
51.362200
51.387600
51.403000
51.407200
51.411400
51.421300
51.430200
51.461000
51.461000
51.475800
51.484800
51.502400
51.505700
51.509900
51.515400
51.523500
51.547200
51.566500
51.604300
51.607000
51.632000
51.676000
51.683600
51.687500
51.690600
51.695800
51.696800
51.697000
51.700900
51.729800
51.732600
51.736600
51.748700
51.756800
51.792000
51.828700
51.830600
51.831000
51.850333
51.851167
51.852100
51.858200
51.861167
51.862333
51.866100
51.867400
51.869333
51.870833
51.871167
51.871167
51.871833
51.879700
51.893800
51.911600
51.920600
51.928000
51.934100
51.934667
51.942800
51.965000
51.971600
51.974200
51.978600
51.981200
52.023500
52.027400
52.030500
52.031600
52.032333
52.033100
52.033333
52.035000
52.035667
52.036333
52.037833
52.037833
52.040833
52.043833
52.047333
52.056333
52.065500
52.067333
52.070333
52.071667
52.074333
52.075500
52.078833
52.087900
52.098900
52.108800
52.132000
52.173400
52.277300
52.277700
52.698300
53.400000
53.421500
53.451333
53.469800
53.542300
53.550800
53.585300
53.596400
53.791900
53.851900
53.853000
53.860900
53.866500
53.867167
53.884500
53.972300
53.981400
54.136167
54.166000
54.295500
54.306100
54.312700
54.350000
54.413800
54.421900
54.445000
54.514500
54.563200
54.622500
54.651000
54.653600
54.668300
54.672400
54.709500
54.768300
54.780200
54.788500
54.791300
54.825800
54.828800
54.830000
54.855200
54.858100
54.893500
54.895500
54.903100
54.913300
54.925500
54.926600
54.928100
54.975000
55.000800
55.006400
55.112000
55.120700
55.151400
55.156200
55.176700
55.219400
55.292167
55.326800
55.466000
55.480000
55.499300
55.542100
55.638000
55.958100
56.132100
56.136500
56.306200
56.318500
56.350800
56.643300
56.735200
56.861800
56.970200
56.995100
57.135000
57.424300
57.449900
57.776500
57.787100
58.130300
58.154900
58.161500
58.168167
58.169667
58.172667
58.177000
58.184000
58.209667
58.238000
58.242333
58.244167
58.247167
58.248900
58.255667
58.264400
58.274833
58.279833
58.286667
58.299000
58.304500
58.315167
58.358000
58.360600
58.371500
58.377833
58.380333
58.385500
58.385833
58.386333
58.390000
58.392167
58.475100
58.497600
58.595900
58.601000
58.763700
58.815700
58.866400
58.922000
58.965100
59.045900
59.140900
59.232700
59.327100
59.469300
59.476100
59.484300
59.489600
59.528500
59.538300
59.538900
59.543400
59.554100
59.562700
59.625600
59.634700
59.674700
59.728600
59.737800
59.789600
59.795100
59.796400
59.798900
59.834500
59.835500
59.841300
59.842700
59.847500
59.868000
59.887000
59.945200
59.996600
59.998300
60.001900
60.009800
60.015800
60.019500
60.027600
60.033000
60.058300
60.078600
60.090200
60.097100
60.126300
60.127000
60.128000
60.164500
60.174100
60.174400
60.196500
60.198000
60.198000
60.207400
60.207500
60.212100
60.229400
60.243800
60.328900
60.335000
60.343100
60.375200
60.399900
60.413600
60.427400
60.441000
60.442600
60.456900
60.465700
60.503400
60.518500
60.523500
60.546200
60.608100
60.620300
60.650500
60.674000
60.675700
60.680100
60.720200
60.720400
60.729300
60.743300
60.757600
60.841300
60.873800
60.905100
60.920100
60.921600
60.932800
60.984900
60.988800
60.996700
61.057200
61.065300
61.065800
61.067100
61.083400
61.084000
61.087000
61.107200
61.139900
61.165400
61.177000
61.179800
61.190600
61.194800
61.225900
61.231800
61.237100
61.241700
61.245400
61.279700
61.321500
61.321600
61.323600
61.344600
61.352100
61.357600
61.370400
61.373800
61.374700
61.388200
61.391700
61.407900
61.410000
61.416800
61.422500
61.439100
61.446400
61.467900
61.479200
61.481900
61.483800
61.491800
61.493167
61.496600
61.498400
61.501200
61.502500
61.505200
61.514100
61.515400
61.521400
61.522800
61.532700
61.533300
61.533500
61.539800
61.557500
61.616500
61.619700
61.642100
61.676800
61.680300
61.684900
61.691000
61.723600
61.728600
61.731900
61.763700
61.769300
61.779800
61.792600
61.801300
61.809500
61.810500
61.815200
61.833200
61.838500
61.861100
61.923500
61.933900
61.952600
61.963100
62.018200
62.029000
62.037900
62.046100
62.055200
62.056100
62.058800
62.070700
62.075500
62.092700
62.158900
62.176400
62.183100
62.186100
62.188600
62.246200
62.273800
62.301700
62.321900
62.326800
62.371800
62.380700
62.396700
62.403400
62.460100
62.464900
62.472100
62.590200
62.601800
62.616000
62.617900
62.628500
62.668800
62.669400
62.801600
62.826800
62.827700
62.842600
62.896400
62.905800
62.916600
62.995100
62.998100
63.005000
63.014900
63.015300
63.017900
63.018500
63.039500
63.051500
63.059100
63.089400
63.118300
63.134700
63.148600
63.172600
63.177300
63.192700
63.261800
63.272400
63.277600
63.284500
63.291100
63.292100
63.293800
63.298600
63.316300
63.339500
63.350700
63.354200
63.378100
63.411100
63.420400
63.423200
63.423700
63.424400
63.461200
63.463100
63.464600
63.466200
63.473200
63.485000
63.491300
63.550600
63.567100
63.575100
63.584300
63.648500
63.650000
63.678700
63.690800
63.783700
63.821200
63.844900
63.934200
64.020300
64.061000
64.264800
64.363400
64.396800
64.403700
64.406200
64.491200
64.511300
64.552300
64.552400
64.607500
64.697700
64.728000
64.733900
64.754000
64.914400
64.915700
64.935500
64.952500
64.952700
64.954400
64.966300
64.976400
64.976400
64.978000
64.981300
64.984500
65.038600
65.073600
65.171100
65.187600
65.196300
65.234400
65.261100
65.264200
65.314300
65.425400
65.479400
65.491000
65.744200
65.759700
65.930600
65.971100
66.168200
66.204700
66.209600
66.252400
66.284100
66.284900
66.287000
66.301400
66.312000
66.316700
66.323100
66.324900
66.338400
66.344600
66.345300
66.346100
66.347100
66.347400
66.351000
66.351400
66.354000
66.361300
66.363600
66.537100
66.548200
66.754900
66.795600
66.925400
66.964000
67.075000
67.084500
67.247400
67.315800
67.347600
67.347800
67.357800
67.358100
67.387400
67.429600
67.651500
67.718500
67.887600
67.955300
67.965400
67.978500
67.992100
68.000200
68.048600
68.110000
68.113400
68.543300
68.543300
68.545200
68.559900
68.562900
68.563100
68.567700
68.568400
68.568400
68.572500
68.579600
68.771200
68.872300
69.110500
69.368800
69.376800
69.380700
69.389900
69.394900
69.395000
69.475300
69.486500
69.514800
69.523800
69.574500
75.812700
78.988200
