-64.926800
-62.443700
-62.378800
-62.327600
-62.322400
-62.315700
-62.311200
-62.310300
-62.284300
-62.282400
-62.133500
-62.094900
-60.317600
-60.300600
-59.187600
-48.983700
-42.208000
-37.647600
-37.523800
-35.104900
-33.621600
-33.426700
-32.881600
-32.017100
-31.801000
-30.696300
-28.466400
-27.446700
-25.083800
-24.371000
-24.197500
-23.961200
-23.667000
-23.584100
-23.439300
-23.160000
-22.663300
-22.125700
-22.074500
-21.928400
-21.797200
-21.014700
-20.983400
-20.903400
-20.864800
-20.753700
-20.567900
-20.558900
-20.410100
-20.355900
-20.134000
-19.467800
-19.132100
-18.738800
-18.492900
-18.219700
-18.143900
-17.548500
-17.365200
-17.348700
-17.030500
-16.448300
-16.146000
-15.626600
-15.222700
-15.169100
-15.143400
-15.071300
-13.618100
-11.564000
-10.818900
-10.614500
-10.241400
-8.921500
-8.911500
-8.796500
-8.569800
-8.537900
-7.633600
-7.601200
-7.222500
-7.202900
-7.200300
-7.194900
-7.118700
-7.113800
-6.997600
-6.839600
-6.814700
-6.607900
-6.602400
-6.327500
-6.115800
-5.656100
-5.598100
-5.201800
-4.471200
-4.193400
-4.083200
-4.042600
-4.041400
-3.625200
-2.866100
-2.680900
-0.368500
-0.236200
-0.080700
0.647200
0.732500
1.318200
1.948200
1.963300
1.980300
2.011800
2.168200
2.398900
2.419400
2.444200
2.454600
2.526600
2.528500
2.586000
2.741900
3.672000
4.029100
4.141000
4.196100
4.465500
5.153300
5.246400
5.671800
5.876100
6.681100
6.762100
7.377400
7.718300
7.739000
9.138800
9.189500
9.227400
9.230400
9.254800
9.261400
9.299600
9.303600
9.342100
9.376600
9.407200
9.414800
9.488300
9.876200
10.821200
12.137500
12.157400
12.655000
12.737000
12.762400
12.803600
13.028800
13.044700
13.233900
13.489400
13.688800
13.908800
13.985500
14.229300
14.637500
14.776700
15.764400
17.419700
17.833000
17.868000
17.869000
17.872500
17.878000
17.884000
17.884500
17.885100
17.885300
17.885800
17.889100
17.891100
17.891600
17.893800
17.897500
17.901800
17.902600
17.903100
17.907100
17.907100
17.910800
17.912100
17.914300
17.920000
17.922100
17.922600
17.923000
17.924100
17.924100
17.925600
17.926100
17.927300
17.927600
17.929000
17.930000
17.930000
17.930800
17.934300
17.935300
17.935500
17.935600
17.936500
17.937100
17.937800
17.938000
17.938000
17.938300
17.939000
17.940100
17.940100
17.941000
17.942000
17.944600
17.944800
17.944800
17.946500
17.948000
17.948100
17.948300
17.948500
17.949600
17.951300
17.952500
17.952600
17.954100
17.955800
17.957500
17.959500
17.959600
17.964000
17.967300
17.967600
17.970100
17.970500
17.973000
17.974100
17.974600
17.977800
17.995100
17.998800
18.003000
18.008000
18.008300
18.008800
18.018500
18.020300
18.021300
18.024800
18.029100
18.132400
18.138800
18.201300
18.335300
18.456900
18.513000
18.543300
18.672100
18.922800
18.964800
19.053300
19.102100
19.130333
19.142334
19.143167
19.147499
19.149834
19.152834
19.153000
19.160166
19.161667
19.162666
19.164333
19.167334
19.169333
19.172167
19.174334
19.178833
19.179333
19.181667
19.184834
19.185167
19.189501
19.191166
19.192667
19.194666
19.195499
19.195667
19.195999
19.196167
19.196167
19.197166
19.200000
19.202168
19.202333
19.202833
19.203333
19.205334
19.206333
19.207833
19.208334
19.210167
19.212500
19.212833
19.213499
19.214500
19.216333
19.216667
19.217167
19.220667
19.221167
19.222834
19.226500
19.226500
19.229000
19.229333
19.231501
19.236833
19.258167
19.275000
19.305834
19.327999
19.336500
19.359333
19.360167
19.368500
19.369333
19.369500
19.370333
19.370501
19.374000
19.375500
19.378834
19.379499
19.379833
19.382000
19.383333
19.383500
19.384667
19.391167
19.396334
19.396833
19.400333
19.401667
19.402834
19.405333
19.406666
19.406833
19.407333
19.407333
19.407833
19.408333
19.408333
19.409334
19.410667
19.411333
19.411500
19.413500
19.414167
19.415501
19.417667
19.419333
19.419833
19.420666
19.420834
19.424667
19.425833
19.427333
19.429000
19.429667
19.429667
19.433000
19.433167
19.440600
19.448999
19.452000
19.465334
19.472500
19.474500
19.475000
19.475500
19.476833
19.479500
19.481667
19.484667
19.488333
19.505501
19.511499
19.514166
19.523000
19.577000
19.622999
19.647800
19.670300
19.828333
19.881700
19.999333
22.798800
22.990000
23.326000
23.882700
23.918800
23.986500
26.280300
27.044300
27.172500
27.390600
27.796500
28.060800
29.510200
31.482500
31.488000
31.507333
31.532333
31.576400
31.652300
31.658700
31.659400
31.661100
31.672400
31.693700
32.089500
32.106100
32.288000
32.336667
32.566400
32.633167
32.633833
32.745500
32.776167
32.781833
32.783667
32.784833
32.787833
32.791000
32.796000
32.800500
32.822833
32.824167
32.858833
32.918000
32.923000
32.923667
32.930667
32.936667
32.936833
32.937500
32.937667
32.941333
32.941833
32.942167
32.984667
33.000833
33.007000
33.019000
33.020833
33.024333
33.037500
33.042167
33.043667
33.046833
33.047500
33.055167
33.059167
33.087167
33.128167
33.134333
33.145333
33.146167
33.165500
33.182667
33.194167
33.206167
33.207000
33.208833
33.209200
33.220100
33.220833
33.227833
33.232833
33.249667
33.251667
33.258333
33.276167
33.299333
33.313833
33.320167
33.336167
33.336500
33.339000
33.339667
33.347167
33.348833
33.358667
33.424833
33.427000
33.428333
33.434000
33.434667
33.436333
33.437167
33.439167
33.439333
33.443833
33.448167
33.450667
33.452500
33.456167
33.460167
33.461000
33.461167
33.465500
33.466000
33.477500
33.479833
33.486000
33.488000
33.488333
33.489167
33.489833
33.490000
33.490000
33.490500
33.490500
33.490667
33.490833
33.491000
33.491500
33.491833
33.492333
33.492500
33.492833
33.493000
33.493167
33.493333
33.493667
33.493833
33.494167
33.496000
33.496667
33.496833
33.499500
33.502833
33.509500
33.513333
33.519833
33.525167
33.565667
33.579833
33.589500
33.589833
33.590000
33.590333
33.592333
33.593333
33.593667
33.595167
33.595667
33.596833
33.597000
33.598000
33.598167
33.608500
33.610667
33.619333
33.621500
33.622333
33.622500
33.622500
33.623833
33.624167
33.624333
33.625333
33.625667
33.627167
33.629000
33.631333
33.631667
33.633333
33.634000
33.634667
33.636000
33.636500
33.639167
33.640667
33.641500
33.644000
33.644667
33.645667
33.646167
33.646500
33.651500
33.655500
33.657167
33.657833
33.658000
33.667333
33.668000
33.668667
33.673833
33.674000
33.675333
33.675333
33.678500
33.678833
33.682333
33.682833
33.685833
33.687833
33.689167
33.691333
33.691333
33.693500
33.696833
33.698500
33.701000
33.701833
33.705000
33.705833
33.709833
33.710167
33.713833
33.714500
33.715167
33.715833
33.719333
33.720833
33.755167
33.773667
33.796167
33.806000
33.847833
33.848833
33.852833
33.853333
33.853833
33.861500
33.862000
33.865000
33.866500
33.870500
33.875500
33.878667
33.883000
33.913000
33.916000
33.923833
33.928000
33.938333
33.939000
33.947000
33.948167
33.949167
33.954167
33.960167
33.968833
33.972167
33.979500
33.982000
33.989833
33.994000
33.997333
34.002000
34.006667
34.007167
34.012833
34.018333
34.021833
34.029833
34.032333
34.038000
34.038500
34.039167
34.040667
34.041500
34.041833
34.042167
34.042667
34.046333
34.046333
34.048000
34.049667
34.050167
34.054000
34.059000
34.062500
34.065500
34.066667
34.067500
34.067667
34.067667
34.069000
34.071333
34.083700
34.089000
34.090167
34.090333
34.092167
34.122700
34.125833
34.127167
34.127833
34.128334
34.162500
34.165000
34.201000
34.201667
34.203333
34.208000
34.244833
34.246833
34.252000
34.263800
34.279833
34.298000
34.324167
34.399500
34.420833
34.430000
34.431833
34.435167
34.438667
34.439000
34.444667
34.447500
34.448167
34.478167
34.497000
34.497667
34.510167
34.526000
34.565167
34.659667
34.666000
34.678900
34.745500
34.752167
34.945000
34.953500
34.964900
34.974000
34.997000
35.026500
35.032333
35.034667
35.037333
35.054333
35.059667
35.074000
35.100833
35.113667
35.116333
35.118333
35.130500
35.201333
35.221900
35.227500
35.232333
35.244000
35.247000
35.300167
35.354500
35.357167
35.361833
35.363333
35.380833
35.384167
35.384500
35.400800
35.403500
35.404000
35.413167
35.433500
35.439833
35.442833
35.448500
35.456333
35.497667
35.536000
35.538167
35.579333
35.582833
35.582833
35.583833
35.589167
35.589167
35.602500
35.602833
35.603333
35.604500
35.607000
35.609333
35.611000
35.615833
35.623667
35.626000
35.628167
35.629667
35.636333
35.639000
35.640833
35.641667
35.642000
35.643500
35.643667
35.648500
35.650833
35.651833
35.651833
35.651833
35.652000
35.652833
35.653167
35.653667
35.654500
35.654667
35.654667
35.654833
35.656000
35.656167
35.656500
35.656500
35.656833
35.657667
35.659167
35.659500
35.659500
35.659833
35.660000
35.661000
35.662500
35.665167
35.665333
35.665833
35.667167
35.667833
35.668167
35.668167
35.668500
35.671333
35.671333
35.671333
35.671667
35.671667
35.672167
35.672167
35.673500
35.673833
35.674500
35.674500
35.675000
35.675167
35.675333
35.676000
35.677167
35.677667
35.678333
35.678667
35.678667
35.678833
35.680333
35.680667
35.681167
35.681167
35.682000
35.682833
35.683667
35.685000
35.685333
35.685500
35.689667
35.691500
35.691500
35.691667
35.691833
35.692000
35.692167
35.692333
35.692667
35.693000
35.693333
35.693500
35.694333
35.696333
35.696500
35.698500
35.702667
35.704100
35.706833
35.708167
35.709167
35.709667
35.710833
35.712667
35.713667
35.715333
35.715833
35.716833
35.720667
35.723000
35.724500
35.735833
35.739333
35.740833
35.741500
35.745000
35.746833
35.749333
35.752667
35.757833
35.761667
35.773833
35.775000
35.777333
35.777667
35.779500
35.780500
35.782500
35.783167
35.783667
35.784667
35.787000
35.794000
35.797333
35.798167
35.799000
35.799333
35.802500
35.805667
35.810900
35.816500
35.820167
35.822833
35.824000
35.824167
35.824667
35.828000
35.829167
35.831333
35.832000
35.832833
35.832833
35.855333
35.855667
35.857167
35.858500
35.858667
35.860167
35.860833
35.861667
35.861833
35.861833
35.862000
35.862167
35.862333
35.862833
35.863000
35.864000
35.864333
35.864833
35.866167
35.866833
35.868500
35.869000
35.871667
35.873833
35.873833
35.877000
35.877833
35.877833
35.880333
35.881167
35.883833
35.884167
35.884333
35.886167
35.887167
35.887333
35.887833
35.889000
35.889333
35.890000
35.890167
35.890333
35.896167
35.896833
35.898000
35.898333
35.902667
35.902833
35.903333
35.903667
35.904000
35.904000
35.905667
35.906500
35.907000
35.907333
35.908167
35.908500
35.908833
35.909000
35.909000
35.909167
35.909500
35.910000
35.910000
35.911667
35.912333
35.912333
35.912498
35.912500
35.912667
35.912833
35.914833
35.915000
35.915000
35.918833
35.920000
35.921333
35.922500
35.922667
35.923000
35.929500
35.932833
35.935000
35.936667
35.940333
35.950167
35.954500
35.955000
35.955833
35.956833
35.957667
35.967000
35.969333
35.976167
35.980667
35.982167
35.988833
35.992000
35.999167
36.001333
36.002500
36.014000
36.015400
36.024333
36.030833
36.033500
36.033833
36.035000
36.035000
36.036167
36.037333
36.038000
36.054667
36.074667
36.074833
36.081167
36.081333
36.081500
36.084000
36.085000
36.085667
36.091333
36.093833
36.097667
36.097667
36.107167
36.110500
36.111667
36.116833
36.120167
36.123500
36.123667
36.128833
36.132000
36.132167
36.132500
36.135667
36.139000
36.141100
36.142833
36.144667
36.180000
36.180333
36.187833
36.204167
36.214167
36.226500
36.233500
36.234000
36.243000
36.244000
36.245167
36.258333
36.262500
36.269167
36.270167
36.274500
36.276833
36.277833
36.278167
36.280667
36.282333
36.284667
36.288833
36.292667
36.294500
36.294833
36.295500
36.297500
36.298167
36.299000
36.305167
36.306833
36.307500
36.318833
36.326333
36.331167
36.349000
36.350333
36.351500
36.353167
36.357167
36.358167
36.358333
36.361167
36.361167
36.362167
36.364167
36.379000
36.415000
36.439833
36.441500
36.442500
36.445333
36.447167
36.449000
36.450333
36.459333
36.462000
36.462833
36.468333
36.478667
36.479000
36.479500
36.479833
36.481000
36.481167
36.481167
36.481833
36.482500
36.482833
36.483000
36.484833
36.486667
36.490500
36.496833
36.501000
36.505667
36.510333
36.514000
36.517333
36.534500
36.545100
36.561667
36.579500
36.600667
36.611667
36.613333
36.614500
36.624500
36.643500
36.646833
36.658500
36.665833
36.680500
36.690833
36.718000
36.744667
36.751667
36.755833
36.777000
36.784900
36.786667
36.843500
36.856167
36.858500
36.866000
36.868167
36.868167
36.868500
36.868833
36.873500
36.873833
36.877000
36.894000
36.925333
36.928667
36.929333
36.963333
36.966667
37.031900
37.032100
37.063167
37.070167
37.111200
37.117500
37.134800
37.155500
37.186000
37.195100
37.203000
37.220400
37.254200
37.291000
37.301000
37.332333
37.356000
37.378833
37.385833
37.414167
37.438500
37.438667
37.456167
37.473500
37.473667
37.474500
37.480000
37.495500
37.519500
37.522667
37.530667
37.538667
37.544833
37.555667
37.556667
37.569667
37.570500
37.581833
37.588833
37.591167
37.598667
37.612833
37.615500
37.616500
37.618833
37.619167
37.619500
37.620167
37.620333
37.620333
37.620500
37.620667
37.624000
37.629667
37.630833
37.632167
37.632167
37.632167
37.632667
37.632833
37.632833
37.633000
37.633167
37.633167
37.633167
37.633500
37.633500
37.633667
37.633667
37.633833
37.633833
37.633833
37.634000
37.634000
37.634000
37.634333
37.634500
37.634667
37.634833
37.634833
37.634833
37.635000
37.635000
37.635333
37.635333
37.635333
37.635333
37.635333
37.635500
37.635833
37.635833
37.636000
37.636333
37.636333
37.636333
37.636667
37.636833
37.637000
37.637500
37.637667
37.638000
37.638167
37.638167
37.638167
37.638333
37.638500
37.638500
37.638667
37.638667
37.638667
37.638833
37.639000
37.639333
37.639333
37.639667
37.639667
37.639667
37.639833
37.640000
37.640167
37.640167
37.640333
37.640500
37.640500
37.640667
37.640667
37.641000
37.642000
37.644500
37.646667
37.649833
37.652167
37.652500
37.655667
37.659167
37.660833
37.661333
37.665167
37.667333
37.670000
37.673333
37.673667
37.673833
37.681667
37.682500
37.725500
37.726333
37.736500
37.900500
37.911167
37.925167
37.959000
37.959167
37.961500
37.963667
37.972300
37.978800
37.980200
38.000500
38.004667
38.005000
38.017700
38.019200
38.030300
38.037167
38.038800
38.039000
38.041667
38.042333
38.042500
38.044333
38.064667
38.066200
38.071200
38.080700
38.081500
38.082700
38.085200
38.095200
38.103000
38.104500
38.108700
38.113000
38.116667
38.117700
38.118000
38.120500
38.122500
38.123000
38.123200
38.124200
38.125200
38.125300
38.126300
38.126800
38.130500
38.133300
38.134700
38.135000
38.135200
38.135600
38.136200
38.136700
38.137000
38.137200
38.137500
38.137800
38.138700
38.139300
38.139500
38.139800
38.139800
38.140400
38.140500
38.140800
38.141000
38.141700
38.142000
38.142200
38.142700
38.143000
38.143500
38.144500
38.144500
38.144800
38.145000
38.145000
38.145200
38.145900
38.146300
38.146300
38.146700
38.146800
38.147000
38.147300
38.147800
38.148100
38.148300
38.148800
38.148800
38.149300
38.149500
38.149700
38.149700
38.149800
38.150800
38.151000
38.151100
38.152000
38.152500
38.153300
38.154000
38.154200
38.154600
38.154800
38.155000
38.155000
38.155000
38.155200
38.155300
38.155300
38.155500
38.155700
38.155800
38.156000
38.156000
38.156200
38.156500
38.156500
38.156800
38.157300
38.157800
38.158300
38.158500
38.158700
38.159000
38.159000
38.159500
38.159700
38.159700
38.160300
38.160300
38.160700
38.160700
38.160700
38.160800
38.160800
38.161000
38.161500
38.162200
38.162300
38.162300
38.162300
38.162500
38.162800
38.163500
38.163700
38.163800
38.163800
38.164500
38.164800
38.165000
38.165300
38.165500
38.165700
38.166000
38.166200
38.166300
38.167000
38.167300
38.167500
38.167700
38.167800
38.168300
38.168500
38.168500
38.169300
38.169500
38.169700
38.169700
38.169700
38.169700
38.169700
38.169800
38.170000
38.170000
38.170200
38.170200
38.171000
38.171200
38.171500
38.171500
38.171700
38.172200
38.172200
38.172500
38.173000
38.173200
38.173300
38.173300
38.173300
38.173300
38.173700
38.173700
38.173800
38.173900
38.174000
38.174200
38.174800
38.174800
38.175000
38.175000
38.175200
38.176300
38.176500
38.176700
38.176700
38.176800
38.177200
38.177200
38.177300
38.177600
38.178300
38.179300
38.179300
38.179500
38.179500
38.179700
38.179800
38.180000
38.180100
38.180200
38.180600
38.180700
38.180800
38.181800
38.182000
38.182300
38.182700
38.182800
38.182800
38.183000
38.183000
38.183300
38.183300
38.183500
38.183600
38.184700
38.185000
38.185700
38.186000
38.186500
38.186500
38.186800
38.187000
38.187700
38.188300
38.189000
38.189300
38.189300
38.190800
38.191000
38.191200
38.191300
38.191700
38.192500
38.192600
38.194200
38.194700
38.196000
38.196500
38.196800
38.198000
38.198100
38.198700
38.200300
38.201200
38.201700
38.203500
38.203600
38.203700
38.205000
38.205500
38.206000
38.207000
38.207000
38.209000
38.209800
38.210300
38.213000
38.213200
38.213500
38.214000
38.214200
38.216700
38.217700
38.218500
38.219500
38.220800
38.222300
38.228300
38.230167
38.230800
38.231000
38.232800
38.234000
38.234800
38.241800
38.272167
38.273500
38.274700
38.301300
38.330200
38.430500
38.472600
38.481333
38.486200
38.519000
38.552900
38.587167
38.593167
38.595000
38.604667
38.638167
38.651200
38.670500
38.672800
38.673000
38.673200
38.674500
38.674700
38.675667
38.682200
38.702167
38.711000
38.739000
38.741833
38.752333
38.752500
38.754665
38.758667
38.759499
38.760000
38.761333
38.768600
38.769100
38.771500
38.771999
38.773167
38.774666
38.774900
38.775000
38.775665
38.779835
38.781166
38.781800
38.782000
38.783833
38.785999
38.786167
38.786167
38.786667
38.786999
38.787167
38.787333
38.788502
38.788666
38.789501
38.791333
38.793499
38.794167
38.794334
38.794666
38.794666
38.794998
38.794998
38.795500
38.795833
38.796333
38.796501
38.796501
38.796665
38.796665
38.796833
38.797165
38.797833
38.798167
38.798168
38.798332
38.800835
38.801334
38.801998
38.802000
38.802166
38.802334
38.802502
38.802666
38.802833
38.803165
38.803667
38.803833
38.804000
38.804000
38.804500
38.804501
38.804833
38.805000
38.805167
38.805168
38.805500
38.805500
38.805832
38.806168
38.806333
38.806833
38.806833
38.807167
38.807167
38.807667
38.808000
38.810333
38.810833
38.810833
38.811333
38.812000
38.812167
38.813168
38.813168
38.813667
38.813667
38.813833
38.813999
38.813999
38.814167
38.814335
38.814499
38.814499
38.814500
38.814667
38.814833
38.815333
38.815334
38.815498
38.816502
38.817000
38.817167
38.817665
38.819000
38.820000
38.820167
38.820332
38.820833
38.820835
38.820835
38.821167
38.821167
38.821167
38.821335
38.821500
38.821833
38.821835
38.822833
38.822833
38.823000
38.823002
38.823167
38.823667
38.823833
38.824000
38.824000
38.824333
38.824333
38.824501
38.824501
38.824833
38.824833
38.825000
38.825001
38.825165
38.825832
38.826000
38.826833
38.826833
38.827000
38.827168
38.827667
38.827835
38.828167
38.828333
38.828333
38.829667
38.830500
38.830502
38.831000
38.831001
38.831333
38.831333
38.831333
38.831833
38.831833
38.831833
38.831833
38.832001
38.832165
38.832333
38.832500
38.832501
38.832501
38.832667
38.832668
38.832668
38.832668
38.832668
38.832833
38.833000
38.833000
38.833000
38.833168
38.833168
38.833332
38.833333
38.833500
38.833500
38.833668
38.833832
38.834000
38.834167
38.834167
38.834331
38.834331
38.834333
38.834500
38.834667
38.834667
38.834667
38.834667
38.834833
38.835000
38.835000
38.835500
38.835667
38.836000
38.836498
38.836666
38.837833
38.838165
38.838167
38.838333
38.838501
38.838665
38.839333
38.839667
38.839667
38.840000
38.840000
38.840000
38.840332
38.840333
38.840668
38.840668
38.841667
38.842335
38.842500
38.843333
38.844833
38.847000
38.861332
38.882300
38.910700
39.008667
39.026500
39.034700
39.061667
39.065200
39.099100
39.099700
39.205700
39.220900
39.222900
39.292667
39.329333
39.338700
39.354833
39.361333
39.361833
39.364167
39.365667
39.366667
39.367333
39.393600
39.399000
39.400800
39.403500
39.403800
39.404000
39.405000
39.409900
39.411400
39.412600
39.414500
39.417600
39.419900
39.424700
39.431500
39.442300
39.461400
39.471667
39.480300
39.483100
39.529900
39.545100
39.547100
39.556900
39.584600
39.597800
39.600100
39.604100
39.604500
39.614200
39.615167
39.631167
39.632833
39.636000
39.637000
39.637833
39.638667
39.640167
39.645200
39.650300
39.676400
39.694500
39.719833
39.733500
39.770500
39.809833
39.846000
39.848000
39.850833
39.852000
39.861600
39.906000
39.910900
39.961100
39.984100
40.021900
40.025400
40.029500
40.068700
40.101900
40.108400
40.141667
40.155200
40.331500
40.409500
40.427167
40.436167
40.454300
40.475500
40.495833
40.509667
40.616900
40.664000
40.666833
40.730667
40.732000
40.736667
40.738167
40.738333
40.739000
40.748667
40.750833
40.767167
40.767700
40.788667
40.807200
40.879000
40.934667
40.973100
40.996500
41.286000
41.338667
41.350167
41.391600
41.414667
41.636333
41.766500
41.769000
41.846667
41.873167
41.988833
41.991000
42.030500
42.093000
43.403800
43.499400
43.737200
43.780800
44.071333
44.113100
44.113333
44.120600
44.123167
44.130900
44.198000
44.210600
44.241833
44.267100
44.272500
44.273600
44.273700
44.275333
44.275500
44.278833
44.279667
44.280333
44.284333
44.287200
44.289833
44.291500
44.303167
44.305667
44.312000
44.315000
44.318500
44.319667
44.320333
44.332000
44.335667
44.337333
44.339167
44.353833
44.355500
44.360500
44.361000
44.363167
44.369500
44.370833
44.371167
44.373700
44.374000
44.384667
44.418167
44.423167
44.435500
44.478167
44.478833
44.518667
44.525500
44.631500
44.676667
44.682167
44.686167
44.739000
44.741500
44.744333
44.753333
44.765500
44.769500
44.779000
44.821500
44.832500
44.905333
44.931167
44.944167
45.022167
45.027000
45.037667
45.039167
45.040500
45.048333
45.168833
45.308833
45.319000
45.320167
45.323000
45.326167
45.328667
45.332000
45.335167
45.529833
45.807700
45.829167
45.856600
46.005667
46.018167
46.192000
46.195000
46.195333
46.203000
46.229833
46.258500
46.281833
46.329000
46.352000
46.486500
46.594167
46.605000
46.768667
46.821167
46.841500
46.842833
46.843333
46.852333
46.853167
46.854000
46.854167
46.862833
46.875833
46.876333
46.882833
46.886833
46.887500
46.890333
46.892667
46.894833
46.895667
46.896167
46.896500
46.898500
46.898667
46.899667
46.900833
46.901833
46.903167
46.910000
46.911200
46.941500
46.958333
47.033833
47.122400
47.160167
47.169400
47.177167
47.317333
47.338100
47.358300
47.360900
47.390500
47.474333
47.491100
47.497333
47.498000
47.499500
47.560167
47.598333
47.636500
47.649667
47.656167
47.664833
47.741333
47.748000
47.756000
47.769833
47.793333
47.856333
47.980167
48.037333
48.040833
48.099000
48.100333
48.335667
48.415333
48.529000
48.619167
48.623000
48.626500
48.715333
48.911333
48.998833
49.042833
49.065000
49.173100
49.366333
49.408833
49.470333
49.721000
50.195400
50.294400
50.315100
50.441400
50.484900
50.825200
50.945500
51.021800
51.029700
51.045800
51.050200
51.059900
51.075700
51.089100
51.095200
51.107800
51.109500
51.135700
51.143600
51.158800
51.190000
51.197200
51.207200
51.218100
51.226100
51.247400
51.258400
51.259000
51.279100
51.312000
51.312800
51.331400
51.365700
51.396300
51.396700
51.400700
51.407500
51.410700
51.411100
51.422100
51.428000
51.431600
51.442200
51.454800
51.463100
51.468300
51.469700
51.474300
51.474700
51.477400
51.482000
51.483200
51.484000
51.489000
51.502300
51.502800
51.506500
51.515000
51.517300
51.520200
51.522400
51.534900
51.535500
51.542600
51.545600
51.550600
51.590100
51.625200
51.627200
51.629400
51.666900
51.675500
51.699700
51.707800
51.709900
51.712800
51.718833
51.720800
51.731500
51.747400
51.750100
51.756400
51.761000
51.781500
51.790200
51.817000
51.833600
51.837200
51.838500
51.839167
51.850700
51.855500
51.856400
51.857400
51.858100
51.861167
51.862200
51.862333
51.863833
51.867000
51.867500
51.873400
51.880000
51.882300
51.908200
51.917800
51.922333
51.928833
51.951667
51.970100
51.979200
51.989200
51.994500
52.015500
52.020833
52.022667
52.027667
52.028167
52.030500
52.033167
52.036000
52.044300
52.064833
52.067100
52.073667
52.082000
52.100200
52.108000
52.135100
52.139900
52.161700
52.202100
52.205000
52.220333
52.228400
52.231600
52.238600
52.250500
52.252500
52.258000
52.275600
52.316000
52.386400
52.429700
52.849200
52.964400
52.970600
52.989300
53.078500
53.116700
53.264600
53.361500
53.397100
53.401333
53.410000
53.458600
53.471800
53.474700
53.505800
53.519600
53.559300
53.574800
53.575200
53.705800
53.780200
53.807800
53.842800
53.880800
53.960700
54.014200
54.059000
54.063800
54.066500
54.127600
54.139900
54.143100
54.144500
54.179500
54.284900
54.346300
54.364300
54.413500
54.494000
54.500200
54.502700
54.560800
54.572800
54.624100
54.625700
54.626500
54.647600
54.674500
54.712100
54.863300
54.892100
54.900100
54.915300
54.972400
55.035400
55.049900
55.128300
55.148500
55.156000
55.163700
55.164833
55.165500
55.166500
55.172400
55.173600
55.200667
55.277400
55.376200
55.384200
55.392833
55.407600
55.410000
55.410900
55.464000
55.464300
55.486100
55.632600
55.811400
55.928700
56.089600
56.220667
56.227500
56.301700
56.310600
56.378000
56.495100
56.550900
56.738100
56.787800
56.791300
56.851333
57.005600
57.047900
57.297100
57.430500
57.436900
57.564200
57.700900
57.755100
57.783800
57.794833
57.804300
57.815667
57.822100
57.869100
57.909300
58.025400
58.025900
58.058400
58.067000
58.111333
58.161333
58.161667
58.163000
58.166833
58.166833
58.167500
58.168333
58.169400
58.171167
58.173500
58.177100
58.178667
58.181333
58.185200
58.186000
58.186167
58.187167
58.189167
58.191167
58.191333
58.198900
58.207800
58.237167
58.240667
58.249667
58.267000
58.268500
58.273667
58.274833
58.279300
58.280667
58.286167
58.292900
58.293333
58.294500
58.297000
58.297700
58.299167
58.309500
58.316167
58.343000
58.367500
58.368333
58.373500
58.374833
58.379500
58.383500
58.386500
58.397900
58.457833
58.462000
58.546900
58.592900
58.620600
58.654400
58.662100
58.702000
58.729200
58.736600
58.743500
58.758000
58.776700
58.825600
58.887400
58.891300
58.922900
58.929200
58.953300
59.053200
59.095600
59.122400
59.186200
59.228400
59.234600
59.258800
59.291000
59.323500
59.331100
59.357167
59.361833
59.416000
59.424100
59.442400
59.480900
59.484000
59.512900
59.516800
59.555800
59.568900
59.608400
59.632800
59.641200
59.650600
59.653100
59.667700
59.671700
59.688000
59.714700
59.742100
59.748800
59.754200
59.798100
59.815800
59.816800
59.829200
59.838600
59.854400
59.855100
59.857100
59.858500
59.859200
59.860900
59.870900
59.890200
59.892200
59.897500
59.908700
59.916000
59.917400
59.920500
59.920600
59.927200
59.941700
59.942000
59.944600
59.949200
59.958200
59.964800
59.965700
59.967400
59.968700
59.969800
59.973900
59.982900
59.989100
59.990000
60.006700
60.014900
60.016500
60.018000
60.018000
60.024600
60.036667
60.038000
60.038900
60.047300
60.052000
60.056900
60.065300
60.072400
60.080800
60.091500
60.095100
60.104500
60.114000
60.114000
60.122300
60.123700
60.125700
60.138100
60.138800
60.143200
60.152000
60.156100
60.160200
60.162100
60.164600
60.168100
60.171400
60.181300
60.190200
60.191200
60.192000
60.195300
60.195300
60.195700
60.206200
60.210800
60.211000
60.234200
60.242500
60.243800
60.247400
60.295200
60.297900
60.304600
60.311200
60.318100
60.362700
60.365200
60.408600
60.416500
60.420000
60.468400
60.470900
60.481200
60.492500
60.492500
60.492600
60.492800
60.493700
60.498500
60.499500
60.503500
60.507200
60.508000
60.513100
60.514300
60.518700
60.522100
60.524700
60.528300
60.528400
60.533400
60.540000
60.543100
60.565600
60.566100
60.590000
60.591100
60.599800
60.612900
60.615800
60.632000
60.637300
60.646500
60.648100
60.651300
60.665300
60.681000
60.701300
60.706200
60.714600
60.726800
60.760600
60.767400
60.824800
60.837700
60.854600
60.867200
60.889500
60.900700
60.903600
60.917900
60.950900
60.954400
60.975400
60.983900
60.997500
60.998400
61.008400
61.018100
61.025600
61.044300
61.050700
61.054000
61.060700
61.061400
61.065500
61.069100
61.076900
61.083100
61.088200
61.101500
61.102600
61.106900
61.111500
61.113100
61.119400
61.120400
61.130700
61.133600
61.134300
61.135300
61.140000
61.147900
61.149700
61.155200
61.156800
61.157400
61.165000
61.165300
61.170800
61.170800
61.175100
61.179667
61.190833
61.191900
61.193400
61.193667
61.198600
61.199900
61.200600
61.201100
61.203900
61.204200
61.205400
61.205600
61.206500
61.207600
61.207833
61.209000
61.213700
61.214400
61.219400
61.219900
61.221400
61.221600
61.222200
61.223000
61.223700
61.224100
61.227700
61.232300
61.238600
61.239100
61.245700
61.252200
61.265200
61.265400
61.266900
61.296400
61.300500
61.307500
61.315200
61.323800
61.323800
61.333800
61.334400
61.336900
61.355700
61.380500
61.397400
61.399800
61.402200
61.407900
61.410900
61.415800
61.417800
61.421200
61.429800
61.429900
61.432300
61.437700
61.443600
61.446200
61.449900
61.455300
61.459300
61.461100
61.462900
61.473300
61.483200
61.486200
61.487300
61.491300
61.494600
61.503300
61.506300
61.508400
61.508800
61.524200
61.524500
61.525700
61.527600
61.532500
61.534000
61.548200
61.551700
61.560000
61.566900
61.572300
61.572800
61.577200
61.579800
61.583100
61.583200
61.585900
61.587100
61.608800
61.610700
61.617000
61.619700
61.621000
61.622900
61.639000
61.650800
61.657000
61.660100
61.678100
61.682100
61.693600
61.697700
61.699900
61.704200
61.707500
61.709900
61.711700
61.726400
61.729100
61.729700
61.738100
61.742100
61.745600
61.747100
61.757000
61.761200
61.777500
61.784900
61.793500
61.800000
61.810300
61.843500
61.856100
61.862600
61.867700
61.872500
61.876400
61.882800
61.887800
61.895000
61.905900
61.909700
61.920300
61.933200
61.939100
61.954100
61.957200
61.959000
61.960100
61.962300
61.980167
61.998600
62.015500
62.020000
62.023000
62.044200
62.047300
62.053400
62.079700
62.083000
62.088200
62.095900
62.097400
62.099400
62.108700
62.109200
62.118000
62.149400
62.150300
62.151300
62.154300
62.156300
62.158600
62.171300
62.171600
62.178700
62.184000
62.193000
62.198300
62.201000
62.206600
62.226500
62.229400
62.240000
62.271800
62.280100
62.350000
62.359300
62.371200
62.391500
62.396900
62.404700
62.415600
62.416900
62.424900
62.453500
62.500000
62.507300
62.532400
62.552400
62.569500
62.617500
62.621100
62.667500
62.674600
62.689900
62.711100
62.711900
62.712600
62.728000
62.745400
62.745800
62.775500
62.792300
62.832900
62.835300
62.849700
62.865900
62.873800
62.883100
62.896300
62.896400
62.896700
62.908800
62.923000
62.933700
62.936400
62.950900
62.955100
62.959500
62.970100
62.974500
62.988500
62.991800
62.994800
63.005800
63.022800
63.042900
63.044100
63.054100
63.058600
63.076100
63.079000
63.094400
63.096600
63.103800
63.104200
63.107300
63.113700
63.117600
63.132600
63.150000
63.163000
63.164300
63.165100
63.176700
63.177000
63.181900
63.186900
63.196600
63.210700
63.224600
63.229000
63.229300
63.232400
63.243200
63.250300
63.252200
63.256300
63.262800
63.265900
63.268800
63.269800
63.272800
63.272800
63.276500
63.295100
63.296500
63.300000
63.300400
63.313000
63.317000
63.345700
63.372000
63.382600
63.393000
63.399100
63.402300
63.408800
63.416300
63.417300
63.418000
63.423100
63.434500
63.434900
63.450300
63.451600
63.453700
63.455900
63.458500
63.459300
63.460800
63.462000
63.462700
63.463200
63.463800
63.464000
63.464800
63.465100
63.466000
63.473600
63.483800
63.487500
63.487900
63.495200
63.498400
63.513300
63.529000
63.548800
63.549100
63.552500
63.553400
63.559800
63.561000
63.563800
63.565900
63.577900
63.587000
63.587000
63.587300
63.641000
63.656900
63.689100
63.715600
63.747900
63.766100
63.775700
63.817800
63.865000
63.921000
63.923400
63.967500
64.031300
64.041500
64.176600
64.180400
64.187500
64.242200
64.258600
64.267800
64.421000
64.463000
64.537000
64.626400
64.626400
64.640500
64.660700
64.682000
64.701100
64.703600
64.713700
64.720000
64.738500
64.746500
64.782600
64.800600
64.842100
64.845000
64.847200
64.849200
64.849900
64.860000
64.864200
64.867100
64.867800
64.872700
64.893800
64.902100
64.917300
64.940300
64.970600
64.974700
64.974900
64.978800
64.982900
64.985800
64.987200
64.989000
64.999900
65.000900
65.049300
65.074600
65.079200
65.185900
65.206000
65.251700
65.269100
65.288800
65.289800
65.337500
65.459000
65.490500
65.632000
65.718400
65.763300
65.804300
65.845200
65.845600
65.858000
65.935100
65.973800
66.010700
66.122200
66.196100
66.293600
66.317400
66.318700
66.322200
66.349700
66.463000
66.519700
66.557100
66.567800
66.759800
66.818000
66.837300
66.867700
67.057500
67.153400
67.169400
67.176100
67.177400
67.224400
67.330800
67.342000
67.350800
67.352700
67.369500
67.370000
67.379800
67.432400
68.051800
68.167200
68.531900
68.542300
68.544700
68.548800
68.557200
68.557600
68.566700
68.569900
68.573300
68.573500
68.656000
68.712100
69.392000
69.468000
69.483600
69.483600
69.559800
69.562400
79.722300
