-62.483400
-62.368100
-62.355700
-62.344100
-62.335700
-59.505100
-54.626700
-52.498500
-38.735900
-35.252000
-34.023900
-33.730100
-31.734500
-31.617900
-31.576600
-31.526500
-31.494300
-31.415000
-31.357000
-31.178100
-30.548300
-28.879100
-28.567600
-28.558400
-28.281400
-27.887300
-27.291800
-26.927000
-26.161800
-25.567500
-25.040800
-24.360200
-24.079700
-23.948900
-23.324600
-23.210000
-23.105000
-22.528100
-22.070800
-21.939900
-21.928600
-21.173400
-20.913200
-20.810400
-20.809100
-20.453300
-19.687500
-19.511100
-19.328700
-19.299800
-19.098200
-19.096400
-18.091600
-17.797800
-17.215500
-17.030600
-16.630900
-16.582500
-16.481800
-16.462200
-15.803400
-15.186600
-15.000200
-14.948800
-14.187400
-11.656600
-9.821300
-8.320900
-7.791200
-7.623900
-7.530100
-7.340800
-7.150900
-7.089700
-6.564200
-6.087100
-6.081000
-6.036400
-5.998700
-5.965700
-5.824300
-5.344800
-4.943400
-4.902200
-4.776300
-4.694200
-4.442000
-4.424200
-3.897200
-3.682600
-3.421600
-3.393400
-3.312200
-3.261500
-3.248400
-3.227200
-2.217500
-1.340900
-0.488100
1.542800
1.794700
2.522800
3.946000
4.506900
4.596300
4.779200
4.933200
5.230300
6.501700
6.549000
6.785700
7.227600
8.115300
9.772100
9.968200
10.452900
10.786200
10.871200
11.151300
11.316400
11.441200
13.122500
13.338100
13.627300
13.665100
13.931300
14.008400
14.551600
14.623700
14.653200
14.697900
14.795800
14.837300
14.854100
14.893300
14.936300
15.030600
15.072900
15.121000
15.302200
15.492500
15.598400
16.581800
17.188800
17.359600
17.505900
17.652000
17.813300
17.843800
17.848000
17.860100
17.861800
17.862600
17.880100
17.880300
17.882800
17.883600
17.884000
17.889300
17.895600
17.901300
17.902800
17.907600
17.912600
17.914000
17.915300
17.916300
17.916600
17.917600
17.918100
17.918800
17.920000
17.921600
17.921600
17.922100
17.924500
17.924500
17.925100
17.925800
17.927500
17.928300
17.928300
17.928500
17.929000
17.929500
17.929500
17.931000
17.931100
17.931500
17.932000
17.932000
17.932800
17.933000
17.933300
17.934100
17.934500
17.934800
17.935100
17.935800
17.936000
17.936000
17.936000
17.937000
17.937100
17.937500
17.938000
17.938500
17.938600
17.939100
17.939300
17.939600
17.939600
17.940000
17.940000
17.940500
17.940500
17.941800
17.941800
17.942100
17.942100
17.944100
17.944300
17.944500
17.944800
17.945100
17.945100
17.945100
17.945300
17.945500
17.945500
17.945600
17.946300
17.946800
17.947000
17.947300
17.949500
17.950800
17.950800
17.951500
17.953000
17.953100
17.957100
17.957300
17.958300
17.958600
17.959100
17.959500
17.959500
17.960500
17.961300
17.962300
17.963600
17.964800
17.966000
17.966500
17.966600
17.968100
17.969500
17.970500
17.972300
17.973800
17.976300
17.978100
17.980100
17.985600
17.996100
18.002600
18.003500
18.005300
18.017600
18.020000
18.023600
18.026300
18.028600
18.031100
18.033800
18.035600
18.136100
18.181100
18.187800
18.216300
18.268100
18.308100
18.504600
18.539300
18.713800
18.899666
19.005501
19.019667
19.109333
19.118334
19.121000
19.124001
19.147499
19.152000
19.154833
19.154833
19.155000
19.155167
19.156334
19.157167
19.158167
19.158667
19.159666
19.160999
19.162500
19.162834
19.163666
19.163666
19.164167
19.164667
19.166500
19.167166
19.168167
19.169333
19.172333
19.175000
19.175333
19.176834
19.177500
19.179500
19.179501
19.181999
19.184000
19.184834
19.187166
19.188000
19.188499
19.189167
19.189501
19.190666
19.195999
19.201166
19.201334
19.202333
19.202833
19.205334
19.205999
19.206167
19.206333
19.208166
19.209499
19.209999
19.211834
19.212000
19.212833
19.213167
19.214333
19.214333
19.215000
19.215166
19.215833
19.216000
19.216333
19.217167
19.217833
19.221333
19.223333
19.224167
19.225166
19.226166
19.226833
19.226999
19.229166
19.230000
19.230667
19.230833
19.231667
19.235167
19.235666
19.236000
19.236000
19.236834
19.239500
19.239500
19.240167
19.240667
19.320000
19.321667
19.330833
19.333333
19.336833
19.337500
19.338667
19.341333
19.348500
19.349200
19.356333
19.360666
19.364500
19.370001
19.372499
19.373167
19.373501
19.376167
19.377001
19.378166
19.379333
19.383333
19.383500
19.389668
19.393167
19.395000
19.396166
19.399166
19.399334
19.400833
19.401833
19.401833
19.402000
19.402500
19.402500
19.402833
19.402834
19.403833
19.406500
19.406666
19.406834
19.408333
19.410166
19.412001
19.412333
19.413167
19.413333
19.413666
19.413666
19.414167
19.414333
19.415167
19.415833
19.417999
19.418667
19.419167
19.419500
19.420000
19.421167
19.422333
19.424833
19.427500
19.430333
19.439167
19.441000
19.455500
19.460333
19.463499
19.474667
19.475333
19.476667
19.478167
19.481001
19.484667
19.486500
19.490667
19.492666
19.506834
19.853700
20.058667
20.081167
23.262100
24.474800
24.631600
27.395800
27.884100
28.563800
29.455400
29.612000
30.132400
31.369500
31.617400
31.644900
31.657400
31.697000
31.748400
31.894167
31.938400
32.101800
32.394501
32.401600
32.428167
32.429667
32.433166
32.436833
32.454833
32.459167
32.482500
32.593667
32.596000
32.668833
32.749667
32.751333
32.753000
32.832000
32.837167
32.862500
32.864333
32.866000
32.871500
32.897833
32.898833
32.901333
32.903167
32.916667
32.919500
32.920333
32.921500
32.923167
32.923333
32.924833
32.925333
32.926333
32.926500
32.927333
32.975333
33.010833
33.011667
33.013333
33.017000
33.017500
33.020833
33.030667
33.031333
33.034500
33.035167
33.037667
33.038667
33.047667
33.047833
33.048667
33.051000
33.052333
33.053333
33.055167
33.056000
33.056167
33.056333
33.057500
33.059333
33.059833
33.061833
33.064500
33.064667
33.066667
33.071500
33.076667
33.090500
33.110500
33.110500
33.111167
33.116000
33.119000
33.119500
33.120667
33.131000
33.132667
33.140333
33.143167
33.158167
33.160667
33.164333
33.164667
33.169500
33.170333
33.172167
33.172833
33.173167
33.176500
33.181833
33.194833
33.197500
33.204500
33.210667
33.220667
33.229000
33.234833
33.249667
33.263333
33.264333
33.289500
33.293333
33.297000
33.313333
33.318667
33.321333
33.334833
33.338667
33.340500
33.345833
33.375833
33.377333
33.382833
33.385500
33.386000
33.390667
33.394167
33.416000
33.423167
33.453167
33.467000
33.473667
33.475667
33.478333
33.478500
33.481500
33.481667
33.484167
33.485667
33.487833
33.488100
33.491167
33.491167
33.491833
33.492167
33.492500
33.495000
33.496667
33.497333
33.497500
33.498000
33.500167
33.500833
33.507833
33.511667
33.514000
33.518833
33.526333
33.529667
33.539667
33.549167
33.554667
33.561833
33.583500
33.588167
33.588167
33.589000
33.589667
33.590000
33.592500
33.592833
33.593000
33.593000
33.594667
33.594667
33.594833
33.595000
33.595500
33.595667
33.595667
33.595833
33.595833
33.596000
33.596000
33.596500
33.596500
33.596833
33.597167
33.597833
33.598667
33.599667
33.600167
33.600500
33.600833
33.602833
33.604667
33.621300
33.629000
33.631833
33.632833
33.633500
33.640333
33.640500
33.640667
33.640667
33.642167
33.646167
33.647500
33.650333
33.665667
33.666000
33.669833
33.670500
33.670500
33.671333
33.673833
33.674667
33.675167
33.677500
33.677667
33.681500
33.683833
33.684167
33.685167
33.686667
33.687833
33.692333
33.694500
33.709500
33.709667
33.710667
33.717667
33.718833
33.723667
33.728833
33.729167
33.760333
33.763833
33.772500
33.775167
33.794500
33.803500
33.806500
33.806833
33.811000
33.820167
33.828000
33.835667
33.836833
33.846833
33.850833
33.863667
33.863833
33.875667
33.888500
33.893300
33.897000
33.903667
33.905000
33.907833
33.914000
33.920833
33.931833
33.935667
33.937667
33.937833
33.938000
33.943333
33.948000
33.954000
33.956333
33.956667
33.974000
33.975000
33.981500
33.982167
33.982333
33.994833
33.996667
33.997667
33.997833
33.998167
34.007333
34.008167
34.008333
34.012667
34.013667
34.016833
34.025333
34.032000
34.037667
34.038667
34.045500
34.047167
34.051833
34.052000
34.052500
34.053500
34.059167
34.076667
34.091333
34.112667
34.132333
34.141333
34.143167
34.152333
34.161167
34.180500
34.197167
34.199833
34.201667
34.207833
34.214167
34.225833
34.247000
34.269000
34.270500
34.300500
34.304667
34.308167
34.332667
34.333667
34.338667
34.361333
34.363833
34.386833
34.398667
34.401500
34.458667
34.481500
34.482667
34.500833
34.505333
34.521500
34.618667
34.637000
34.792833
34.808000
34.811333
34.831500
34.841500
34.945500
34.968000
34.988667
34.998500
35.034500
35.034833
35.037833
35.052500
35.062833
35.078667
35.081667
35.085667
35.085667
35.086333
35.094833
35.096000
35.096333
35.096500
35.097167
35.097333
35.098833
35.099333
35.101667
35.114500
35.120667
35.132000
35.160167
35.182800
35.213667
35.216333
35.230667
35.261333
35.278333
35.318167
35.321333
35.347167
35.360667
35.363167
35.366833
35.373500
35.379833
35.382333
35.383833
35.385667
35.386900
35.414667
35.446700
35.460667
35.485000
35.501000
35.501333
35.506100
35.509500
35.527833
35.529333
35.531400
35.540333
35.544833
35.561300
35.569100
35.569167
35.588667
35.592600
35.593167
35.593167
35.594833
35.599333
35.600833
35.605333
35.605667
35.611000
35.612500
35.612667
35.612835
35.615500
35.616000
35.617667
35.628000
35.628000
35.628833
35.629833
35.633500
35.635500
35.640400
35.640667
35.642333
35.644167
35.645000
35.648500
35.649500
35.649500
35.649667
35.649833
35.651667
35.651667
35.653500
35.655000
35.658833
35.659500
35.661333
35.661667
35.661667
35.663667
35.664167
35.664500
35.667000
35.667000
35.667667
35.668500
35.668667
35.668833
35.668833
35.669000
35.670000
35.670500
35.670667
35.672333
35.673167
35.675667
35.676000
35.676500
35.677333
35.677500
35.677833
35.679500
35.680000
35.680333
35.681500
35.681667
35.682500
35.683667
35.683833
35.684333
35.684500
35.687500
35.690167
35.690833
35.699167
35.703667
35.706333
35.710833
35.712167
35.713500
35.715833
35.718333
35.719667
35.722333
35.722667
35.733000
35.736667
35.742833
35.744333
35.744833
35.748333
35.751333
35.754167
35.754500
35.754833
35.758333
35.758667
35.759000
35.759333
35.760500
35.762000
35.765500
35.769500
35.773000
35.773167
35.774333
35.775167
35.779167
35.780167
35.783333
35.787000
35.793000
35.794833
35.795500
35.795667
35.796500
35.796667
35.797167
35.797333
35.798000
35.798667
35.800000
35.800000
35.800833
35.801667
35.805500
35.805500
35.807500
35.808500
35.810833
35.814833
35.814833
35.815167
35.816167
35.819500
35.823500
35.823667
35.823833
35.824500
35.824667
35.831000
35.834167
35.836167
35.838000
35.840333
35.848000
35.849833
35.854833
35.855000
35.856000
35.856667
35.856833
35.857833
35.857833
35.858667
35.859167
35.859333
35.859667
35.860000
35.860500
35.860667
35.861000
35.861167
35.861167
35.861500
35.862167
35.862333
35.863167
35.863333
35.863500
35.863833
35.864167
35.864833
35.865000
35.865000
35.866833
35.868500
35.869167
35.870167
35.871333
35.872667
35.873667
35.874167
35.874667
35.875000
35.877500
35.877667
35.878000
35.878000
35.878000
35.878167
35.878500
35.878667
35.880000
35.880333
35.880500
35.883333
35.885667
35.886333
35.887000
35.887333
35.887667
35.887833
35.888667
35.888667
35.889000
35.889000
35.889000
35.889167
35.889167
35.889333
35.889500
35.889667
35.889833
35.889833
35.890167
35.890500
35.890833
35.891000
35.891000
35.891167
35.891167
35.891500
35.893000
35.893167
35.894167
35.894667
35.895667
35.899667
35.899833
35.902000
35.902500
35.903167
35.905000
35.905167
35.906167
35.906667
35.906667
35.907000
35.907000
35.909000
35.909333
35.909333
35.911000
35.911000
35.912500
35.912500
35.914167
35.914500
35.915167
35.916000
35.922833
35.926833
35.927833
35.934200
35.943000
35.944000
35.946000
35.948000
35.955667
35.958667
35.963000
35.972667
35.974000
35.975333
35.976167
35.976333
35.977833
35.978667
35.980999
35.983500
35.986061
35.986500
35.988667
35.991000
35.991000
35.992167
35.993667
36.012501
36.020000
36.022833
36.023833
36.025665
36.026333
36.026833
36.027167
36.027833
36.028333
36.029333
36.029667
36.032833
36.033833
36.066000
36.067833
36.068333
36.071333
36.072333
36.081667
36.083833
36.086500
36.088000
36.101333
36.101833
36.103833
36.104667
36.105000
36.106000
36.106500
36.106667
36.107500
36.107667
36.112667
36.117500
36.121167
36.122500
36.122667
36.123833
36.125167
36.125500
36.127167
36.131333
36.132333
36.137333
36.141500
36.150000
36.151500
36.156667
36.158333
36.162333
36.168833
36.179300
36.180000
36.195499
36.198667
36.199300
36.209167
36.211000
36.222500
36.223333
36.233166
36.248302
36.269000
36.276167
36.295833
36.297167
36.313833
36.314333
36.327833
36.345000
36.353333
36.355000
36.355333
36.356667
36.356833
36.357333
36.357667
36.358500
36.359167
36.360167
36.360333
36.362833
36.363833
36.364333
36.364667
36.365833
36.366000
36.367667
36.374500
36.404333
36.408333
36.417500
36.420333
36.423000
36.424835
36.430000
36.437200
36.437667
36.438833
36.439500
36.439833
36.440500
36.440500
36.441000
36.446335
36.448333
36.452833
36.455500
36.457000
36.458167
36.458667
36.459833
36.459833
36.460667
36.465167
36.465333
36.465500
36.467500
36.470833
36.472167
36.473333
36.474167
36.478167
36.479833
36.480667
36.480667
36.480667
36.481667
36.482964
36.483000
36.485667
36.485833
36.491167
36.494667
36.496333
36.510000
36.512000
36.513667
36.514700
36.516000
36.520500
36.523833
36.540000
36.567667
36.570667
36.574333
36.587700
36.619667
36.624668
36.635600
36.641400
36.644833
36.648998
36.651667
36.654500
36.654833
36.660333
36.670800
36.679001
36.684700
36.694833
36.699001
36.700700
36.715000
36.728333
36.735667
36.738500
36.742200
36.748500
36.759500
36.766667
36.850500
36.859665
36.860001
36.866978
36.875332
36.883833
36.888554
36.907300
36.937668
36.962333
36.962833
36.965667
36.976666
36.977001
36.983002
37.007167
37.011800
37.057500
37.097167
37.132500
37.136000
37.138300
37.159000
37.187832
37.206000
37.241800
37.247000
37.258499
37.274900
37.286000
37.287000
37.317667
37.334667
37.337700
37.374001
37.384500
37.390333
37.415600
37.425500
37.445200
37.457500
37.460500
37.468000
37.469667
37.477667
37.481167
37.487000
37.488833
37.490667
37.492832
37.494833
37.495499
37.495833
37.496500
37.498333
37.498833
37.499168
37.500332
37.503667
37.509167
37.514000
37.516667
37.523833
37.536500
37.544167
37.547500
37.548332
37.574000
37.580500
37.588167
37.591500
37.598667
37.603000
37.606833
37.609833
37.611333
37.611500
37.613998
37.616333
37.617667
37.620500
37.620500
37.624333
37.627000
37.627667
37.628833
37.630165
37.630167
37.630333
37.631333
37.631667
37.631667
37.632667
37.633000
37.633167
37.633500
37.633500
37.633667
37.634000
37.635000
37.635833
37.636000
37.636000
37.636167
37.636167
37.636167
37.636333
37.636500
37.637333
37.637501
37.637667
37.637667
37.637833
37.638000
37.638167
37.638333
37.638500
37.638833
37.639167
37.639833
37.640167
37.640667
37.641000
37.641000
37.641000
37.642167
37.642333
37.643333
37.645000
37.648333
37.649000
37.652333
37.655333
37.655500
37.656833
37.657667
37.659167
37.659333
37.659500
37.659833
37.660333
37.667999
37.687800
37.715000
37.738833
37.753167
37.786667
37.791832
37.802500
37.872833
37.874000
37.876167
37.884666
37.888668
37.889332
37.949800
38.018700
38.040500
38.040667
38.041332
38.049700
38.050700
38.052700
38.055200
38.069300
38.070700
38.076200
38.082167
38.095300
38.096500
38.101200
38.101800
38.102800
38.106333
38.106800
38.110000
38.110200
38.112900
38.113200
38.114500
38.114900
38.115200
38.116800
38.117000
38.120000
38.120500
38.120800
38.122800
38.123200
38.123700
38.124700
38.125200
38.125300
38.126300
38.126800
38.126800
38.127000
38.127400
38.127700
38.129000
38.130000
38.130300
38.130300
38.131200
38.131200
38.132000
38.134300
38.134500
38.135200
38.136000
38.136300
38.136300
38.136800
38.137000
38.137000
38.137500
38.137700
38.137700
38.137800
38.137800
38.137800
38.138000
38.138200
38.138300
38.138300
38.138500
38.138700
38.140700
38.140900
38.141000
38.141500
38.142000
38.142000
38.142700
38.142800
38.143500
38.143800
38.143800
38.144000
38.144300
38.145300
38.145700
38.145700
38.145700
38.145700
38.145800
38.147000
38.147300
38.147300
38.148000
38.148200
38.148200
38.148700
38.148700
38.148800
38.149100
38.149300
38.149500
38.149500
38.149700
38.150000
38.150200
38.150200
38.150300
38.150500
38.150700
38.151100
38.151500
38.151700
38.151800
38.152000
38.152000
38.152000
38.152200
38.152300
38.153200
38.153200
38.153300
38.153300
38.153500
38.153700
38.154000
38.154000
38.154300
38.155300
38.155300
38.155700
38.156500
38.156500
38.156700
38.156700
38.157000
38.157500
38.157700
38.158000
38.158200
38.158300
38.159000
38.159200
38.159800
38.160500
38.160700
38.160800
38.160800
38.160800
38.160800
38.161200
38.161300
38.161500
38.161500
38.161500
38.161500
38.161700
38.161800
38.162000
38.162000
38.162200
38.162200
38.162200
38.162700
38.162800
38.163000
38.163300
38.163300
38.163300
38.163500
38.163700
38.163700
38.164300
38.164300
38.164500
38.164500
38.164700
38.164700
38.164700
38.165000
38.165200
38.165200
38.165300
38.165700
38.165700
38.165800
38.166200
38.166200
38.166300
38.166500
38.167000
38.167300
38.167500
38.167700
38.168200
38.168700
38.168700
38.168900
38.169000
38.169200
38.169700
38.169700
38.170000
38.170300
38.170700
38.170700
38.171000
38.171100
38.171200
38.171300
38.171300
38.171700
38.171800
38.171800
38.172000
38.172300
38.172300
38.172500
38.172700
38.173167
38.173500
38.173700
38.174000
38.174000
38.174300
38.174500
38.175200
38.175300
38.175300
38.175500
38.175700
38.175700
38.175900
38.176300
38.176300
38.176500
38.177200
38.177200
38.177200
38.177300
38.177300
38.177300
38.177800
38.179000
38.179200
38.179200
38.179200
38.179500
38.180000
38.180300
38.180300
38.180500
38.180800
38.180833
38.180900
38.181300
38.181700
38.181700
38.181800
38.182300
38.183200
38.183500
38.184000
38.184000
38.184500
38.184700
38.184800
38.185000
38.185200
38.185400
38.185500
38.185700
38.186200
38.186700
38.188200
38.188600
38.188700
38.188700
38.189000
38.189000
38.189800
38.190300
38.190500
38.190700
38.191300
38.191700
38.191700
38.192300
38.193000
38.193300
38.193500
38.196200
38.196200
38.196800
38.197200
38.197800
38.197800
38.197800
38.197800
38.198200
38.198300
38.200300
38.201000
38.201700
38.202300
38.202500
38.202800
38.203300
38.204200
38.204700
38.205300
38.205700
38.205800
38.208500
38.210000
38.210800
38.211300
38.211800
38.212000
38.214000
38.215700
38.217700
38.218200
38.228200
38.230300
38.233300
38.234500
38.238200
38.247700
38.256700
38.257500
38.282500
38.286200
38.343200
38.349000
38.363800
38.393000
38.411200
38.411200
38.411600
38.420000
38.420300
38.458200
38.476501
38.483333
38.487167
38.489167
38.490500
38.490667
38.491833
38.492000
38.493167
38.493500
38.544000
38.545000
38.558834
38.566000
38.569667
38.571300
38.574500
38.577000
38.582500
38.585833
38.611800
38.621333
38.643333
38.649167
38.657500
38.658200
38.672165
38.678333
38.687200
38.692000
38.700700
38.707667
38.732498
38.740600
38.741100
38.744335
38.756168
38.757832
38.764332
38.766834
38.768333
38.769665
38.769833
38.772835
38.773167
38.773499
38.773666
38.776165
38.776165
38.778300
38.778667
38.778999
38.779499
38.782501
38.784168
38.784668
38.784832
38.785832
38.786499
38.788834
38.789501
38.789833
38.792499
38.795334
38.795502
38.797667
38.799500
38.799835
38.799835
38.799999
38.800335
38.800335
38.800999
38.801167
38.801334
38.801666
38.801834
38.801998
38.802666
38.802834
38.803001
38.803165
38.803165
38.803333
38.803333
38.803665
38.804501
38.804668
38.805168
38.805668
38.806000
38.806000
38.806168
38.806332
38.806332
38.806667
38.807167
38.807667
38.807667
38.807835
38.807999
38.807999
38.808498
38.808666
38.808834
38.808834
38.808998
38.809502
38.809502
38.809666
38.809834
38.809834
38.809834
38.810001
38.810001
38.810001
38.810165
38.810333
38.810833
38.811165
38.811333
38.811501
38.811832
38.812000
38.812332
38.812668
38.813168
38.813499
38.814499
38.815666
38.815834
38.816502
38.817001
38.817501
38.817833
38.818500
38.818668
38.818668
38.818832
38.819168
38.819500
38.820332
38.820499
38.820667
38.820835
38.820999
38.821167
38.821335
38.821335
38.821499
38.821499
38.821667
38.822498
38.822666
38.822666
38.823166
38.823334
38.823502
38.824333
38.825001
38.826168
38.826168
38.826667
38.826668
38.827168
38.827499
38.827835
38.827999
38.828167
38.828499
38.828499
38.828667
38.828834
38.828834
38.830666
38.831001
38.831333
38.831333
38.831333
38.831665
38.831833
38.831833
38.832001
38.832001
38.832165
38.832165
38.832165
38.832668
38.832832
38.833000
38.833168
38.833332
38.833332
38.833332
38.833332
38.833500
38.833832
38.834000
38.834167
38.834499
38.834499
38.834667
38.834667
38.834835
38.834999
38.835167
38.835167
38.835335
38.835999
38.835999
38.835999
38.836166
38.836166
38.836498
38.836498
38.836498
38.836666
38.836834
38.837002
38.837166
38.837502
38.837666
38.838001
38.838665
38.838833
38.838833
38.839333
38.839668
38.839668
38.839668
38.839832
38.840168
38.840500
38.840668
38.841000
38.841167
38.841167
38.842835
38.842999
38.843334
38.843334
38.843498
38.843834
38.844002
38.849333
38.874333
38.900300
38.921665
38.921833
38.961333
38.986000
39.009600
39.023900
39.040333
39.047000
39.049800
39.114800
39.119600
39.127800
39.164665
39.187000
39.193000
39.197000
39.199000
39.202100
39.209333
39.214800
39.229800
39.230200
39.231300
39.290833
39.354100
39.358666
39.359000
39.359333
39.361832
39.362000
39.364666
39.364666
39.365501
39.367500
39.368667
39.374168
39.380165
39.394000
39.399600
39.404500
39.405900
39.408300
39.409333
39.418700
39.422000
39.432333
39.462300
39.505333
39.537800
39.565300
39.579800
39.585900
39.595100
39.599900
39.600400
39.618500
39.618668
39.623000
39.652900
39.663700
39.664200
39.665000
39.665100
39.665500
39.665800
39.666800
39.667500
39.670500
39.671100
39.674200
39.674900
39.675100
39.675300
39.675700
39.675700
39.675800
39.675900
39.676400
39.676400
39.676400
39.677400
39.677500
39.677800
39.678200
39.683000
39.684000
39.699500
39.702333
39.705333
39.710000
39.711167
39.728300
39.729500
39.795800
39.827333
39.873800
39.886300
39.890200
39.909500
39.943700
39.965500
39.965700
39.970200
40.010800
40.021100
40.023400
40.024400
40.034400
40.083500
40.085800
40.107200
40.110700
40.121300
40.141334
40.198500
40.223833
40.231998
40.304500
40.308333
40.310001
40.329334
40.330002
40.347000
40.376167
40.403700
40.406167
40.411500
40.412833
40.425400
40.440498
40.462667
40.463667
40.464000
40.464167
40.464667
40.464833
40.492333
40.493167
40.560167
40.567000
40.709500
40.711000
40.711667
40.711833
40.712000
40.712500
40.713167
40.717667
40.724998
40.729333
40.777667
40.791167
40.871498
40.874668
40.951332
41.005167
41.446833
41.450833
41.465833
41.467500
41.507200
41.769667
41.792667
41.806333
41.807167
41.814000
41.916833
41.919333
41.927500
41.929167
42.029800
42.182700
42.392833
42.408333
42.428000
42.430000
42.434000
42.435167
42.445667
42.448667
42.501100
42.576167
43.372200
43.791300
44.007667
44.107800
44.120200
44.251500
44.259667
44.264600
44.273833
44.274167
44.275167
44.275833
44.277333
44.280500
44.280667
44.281000
44.282167
44.282500
44.284300
44.285000
44.289167
44.292667
44.293167
44.293500
44.295000
44.295000
44.296667
44.296700
44.296833
44.300833
44.301000
44.301167
44.301333
44.303500
44.303700
44.305000
44.305167
44.306500
44.310000
44.312000
44.313400
44.318333
44.321667
44.321833
44.325167
44.326500
44.330167
44.337167
44.340000
44.346333
44.359167
44.361000
44.361833
44.363833
44.364167
44.365833
44.366167
44.367500
44.367667
44.369000
44.370000
44.372000
44.373667
44.442000
44.455167
44.455667
44.508833
44.515667
44.520333
44.526000
44.531167
44.539667
44.551000
44.578500
44.582333
44.658333
44.669167
44.676333
44.720333
44.740167
44.769667
44.770167
44.782500
44.802667
44.808667
45.005500
45.042000
45.097667
45.175000
45.186000
45.189333
45.219400
45.366000
45.553500
45.556833
45.687500
45.768500
45.877000
45.944667
45.991100
46.003833
46.003833
46.004500
46.009500
46.019833
46.095833
46.175500
46.197167
46.198667
46.237667
46.396833
46.397167
46.462833
46.720167
46.821333
46.854167
46.854333
46.854667
46.854833
46.857833
46.858000
46.863667
46.873333
46.876500
46.876833
46.877833
46.879167
46.889000
46.894500
46.932000
46.942000
46.959667
47.006500
47.197667
47.255167
47.427166
47.493000
47.551500
47.608000
47.673500
47.680000
47.683000
47.696167
47.712000
47.731333
47.733500
47.739000
47.740500
47.748000
47.887000
47.987500
48.036333
48.064000
48.092667
48.124000
48.131833
48.152667
48.155833
48.310333
48.320667
48.327667
48.596833
48.629667
48.705667
48.745667
48.893000
49.345833
49.365667
49.401333
50.629900
51.037000
51.152600
51.295900
51.325800
51.392600
51.500900
51.580500
51.601333
51.655667
51.742900
51.763500
51.852667
51.861833
51.871500
51.886400
51.950667
51.996200
52.039500
52.047167
52.077667
52.082500
52.086000
52.087400
52.088000
52.088333
52.092500
52.104833
52.172700
52.265500
52.302833
52.340333
52.382167
52.484300
52.721800
38.170800
52.730900
52.756700
52.870300
53.136500
53.287333
53.393600
53.416167
53.478100
53.494900
53.695667
53.805300
53.848333
53.854667
53.856833
53.860500
53.863000
53.863167
53.863833
53.864833
53.865333
53.866000
53.866333
53.866333
53.866500
53.867000
53.867000
53.867500
53.867667
53.869167
53.869500
53.870167
53.873833
54.040400
54.081000
54.082000
54.086000
54.096167
54.143167
54.146667
54.177600
54.259600
54.317300
54.589333
54.605167
54.618600
54.679800
54.720400
54.728100
54.755100
54.755500
54.758000
54.812400
54.874200
55.038500
55.394833
55.510700
55.586200
55.975700
56.022900
56.031700
56.072400
56.231500
56.271000
56.683600
56.864400
56.888167
57.021500
57.029500
57.351500
57.425000
57.455500
57.472200
57.475600
57.499400
57.556500
57.590400
57.693100
57.742100
57.752900
57.868000
57.985600
58.092200
58.093167
58.135833
58.160667
58.162500
58.162500
58.163000
58.163667
58.164333
58.164800
58.167833
58.168333
58.168700
58.169333
58.169500
58.176833
58.180167
58.180500
58.181500
58.183500
58.184000
58.187500
58.192500
58.194500
58.197000
58.201000
58.205500
58.210500
58.221333
58.226900
58.233667
58.236333
58.238667
58.239000
58.246000
58.249167
58.249333
58.249833
58.258167
58.258600
58.259000
58.265167
58.265667
58.266500
58.268100
58.269667
58.271000
58.271667
58.271800
58.273000
58.275167
58.282000
58.285700
58.287667
58.288333
58.288800
58.291833
58.292333
58.295333
58.296667
58.304167
58.310000
58.321833
58.333100
58.340600
58.348833
58.355833
58.357667
58.364833
58.367100
58.367667
58.369500
58.370000
58.373833
58.376667
58.379833
58.381667
58.393333
58.416833
58.417333
58.419500
58.447500
58.455667
58.466167
58.468667
58.502400
58.502400
58.504500
58.511167
58.526500
58.574800
58.577800
58.673900
58.739400
58.742300
58.860500
58.884800
58.935000
59.056300
59.299900
59.304300
59.305000
59.355300
59.363833
59.365000
59.367167
59.368333
59.371200
59.373333
59.435300
59.444800
59.449400
59.526400
59.543600
59.564700
59.599600
59.600900
59.661800
59.711400
59.724400
59.730700
59.751900
59.759600
59.764400
59.768100
59.776000
59.783800
59.792100
59.811800
59.828000
59.832600
59.853700
59.853800
59.862100
59.875100
34.446167
14.921000
35.662833
59.876200
59.905900
59.906700
59.910600
59.919600
59.920400
59.927300
59.934000
59.941100
59.947300
59.951600
59.971900
59.992500
59.993500
59.994100
59.996300
59.997000
60.000100
60.001600
60.007100
60.007700
60.011100
60.029400
60.033000
60.042800
60.046800
60.051800
60.052800
60.062100
60.077500
60.092400
60.107700
60.110600
60.114900
60.123800
60.130600
60.133100
60.136700
60.146400
60.150800
60.155900
60.163400
60.186000
60.186300
60.191100
60.192100
60.213800
60.222000
60.226200
60.231800
60.233200
60.250200
60.258500
60.274200
60.275900
60.280400
60.303700
60.306000
60.307000
60.310100
60.316100
60.331400
60.335100
60.336900
60.346000
60.358300
60.376700
60.392900
60.395500
60.410500
60.410900
60.437800
60.440500
60.469667
60.470900
60.471800
60.474000
60.488600
60.531400
60.537800
60.540500
60.546300
60.554100
60.564667
60.568100
60.569400
60.573500
60.587900
60.606700
60.641600
60.646000
60.669200
60.691200
60.720300
60.723300
60.738400
60.741900
60.744300
60.752100
60.801000
60.803100
60.821800
60.829700
60.839300
60.851200
60.901600
60.920800
60.924500
60.925400
60.932400
60.933200
60.940700
60.943200
60.949300
60.950300
60.958000
61.000100
61.001500
61.025600
61.034000
61.036500
61.040700
61.041600
61.047500
61.048200
61.048500
61.050600
61.053100
61.055100
61.055100
61.055900
61.061100
61.063400
61.066400
61.072900
61.075700
61.078000
61.078900
61.079900
61.080500
61.084700
61.094300
61.097700
61.115200
61.116300
61.124400
61.130200
61.130500
61.136300
61.150800
61.159800
61.163100
61.168300
61.182167
61.182600
61.201900
61.230600
61.231700
61.235400
61.261000
61.261500
61.286400
61.294700
61.297000
61.304300
61.311000
61.322800
61.337900
61.340100
61.348600
61.350700
61.364900
61.365200
61.371600
61.375200
61.384000
61.388700
61.395200
61.404400
61.404600
61.405300
61.407300
61.410100
61.415200
61.416000
61.438100
61.443100
61.444500
61.454500
61.455800
61.464900
61.465800
61.468600
61.469300
61.481100
61.484000
61.486300
61.489500
61.494100
61.495100
61.496000
61.500700
61.503500
61.503700
61.505800
61.506400
61.515400
61.516300
61.520500
61.520600
61.528900
61.529500
61.530400
61.533300
61.542200
61.545100
61.545200
61.549800
61.568400
61.568900
61.569300
61.570800
61.576100
61.577400
61.585300
61.609900
61.622400
61.624700
61.630000
61.630100
61.639900
61.643300
61.653600
61.657700
61.667500
61.668800
61.677700
61.698100
61.708000
61.710800
61.718500
61.724700
61.726900
61.741200
61.767700
61.774500
61.789600
61.797300
61.800800
61.805100
61.809500
61.809900
61.819700
61.834800
61.865100
61.893900
61.906800
61.933000
61.933200
61.941700
61.947000
61.964700
61.969700
61.979700
61.984600
62.001600
62.013800
62.017400
62.017700
62.028900
62.030000
62.033000
62.041100
62.042900
62.054800
62.060300
62.061800
62.070500
62.076400
62.087800
62.106900
62.113300
62.115300
62.143300
62.147900
62.149600
62.156900
62.158600
62.181900
62.184200
62.185800
62.188900
62.192000
62.195400
62.196900
62.198900
62.201100
62.205200
62.221200
62.225300
62.229400
62.230600
62.241600
62.256300
62.256600
62.270200
62.274000
62.277100
62.317500
62.324700
62.324800
62.330800
62.347800
62.414500
62.483200
62.521600
62.526600
62.527700
62.532300
62.550900
62.586600
62.587500
62.609900
62.622500
62.628200
62.633700
62.638500
62.677100
62.688300
62.691600
62.695100
62.715700
62.716900
62.722600
62.749500
62.758400
62.782300
62.796100
62.815300
62.819400
62.821500
62.828600
62.843100
62.844100
62.845400
62.881500
62.886900
62.897000
62.898500
62.901600
62.907200
62.913500
62.915100
62.932500
62.955700
62.971400
62.972200
62.980700
63.013200
63.015300
63.019000
63.019200
63.022000
63.022900
63.024800
63.027300
63.029400
63.031600
63.031900
63.033000
63.033500
63.038500
63.039000
63.041500
63.048400
63.049800
63.068000
63.076000
63.077800
63.080100
63.083900
63.085000
63.091200
63.094400
63.097300
63.104200
63.112300
63.118400
63.122200
63.144300
63.148400
63.152900
63.159000
63.162900
63.169600
63.171100
63.204500
63.211100
63.211700
63.221400
63.226200
63.237900
61.396600
34.205167
63.019000
38.283833
34.010333
-33.314100
2.102100
60.246000
54.619700
35.641167
58.164500
34.397000
63.020300
63.200500
34.459667
62.354500
38.606667
58.238333
37.440333
19.158333
19.145666
35.490500
38.176100
61.097700
38.125200
33.175667
33.044000
35.885000
63.238300
63.243200
63.254000
63.255000
63.256200
63.257000
63.263300
63.263700
63.266800
63.267100
63.270600
63.276200
63.277400
63.278300
63.280100
63.280800
63.281600
63.282200
63.284700
63.312000
63.312600
63.319900
63.335500
63.346600
63.352600
63.364100
63.368100
63.373400
63.380800
63.383700
63.400000
63.422700
63.435800
63.450900
63.461100
63.479500
63.481200
63.481400
63.481500
63.493700
63.506400
63.507800
63.532200
63.536000
63.540600
63.552500
63.557400
63.561100
63.563100
63.563300
63.564200
63.568000
63.570700
63.572200
63.577000
63.592300
63.602500
63.676100
63.810900
63.889200
63.894100
63.923600
63.935100
63.977500
64.098500
64.138500
64.243200
64.320500
64.533100
64.576200
64.577200
64.583200
64.599900
64.648100
64.659800
64.673600
64.700200
64.716700
64.719300
64.725400
64.727500
64.757400
64.799600
64.804400
64.814400
64.832600
64.844100
64.856500
64.879700
64.912500
64.922100
64.925900
64.952300
64.966000
64.968800
64.973600
64.975700
64.976700
64.977300
64.981300
64.986200
65.012300
65.013000
65.150200
65.174700
65.267200
65.320300
65.334200
65.405400
65.593700
65.691700
65.697200
65.787900
65.907600
66.007300
66.091600
66.192300
66.216600
66.226100
66.235800
66.244600
66.246300
66.250700
66.261000
66.262700
66.266400
66.285400
66.285900
66.299100
66.303000
66.306500
66.313300
66.343400
66.344000
67.092400
67.112600
67.252900
67.260500
67.262600
67.322200
67.581700
68.420300
68.472300
68.507300
68.516500
68.695700
68.777600
68.898800
69.042300
69.055600
69.365200
69.372500
69.391500
69.418500
38.824333
-18.027800
36.608334
38.178800
37.245900
58.185900
40.421000
69.410400
-17.218600
17.838900
-20.724700
38.138000
69.403100
39.406900
64.635600
37.480500
31.704000
31.709400
17.926100
38.152300
65.021200
33.642500
34.114333
44.383900
33.593000
-6.039200
36.612667
36.049333
35.861500
59.233700
58.085200
35.691167
-18.109200
33.012000
47.643667
61.931333
37.431167
33.198833
58.762100
35.733333
61.333400
38.826333
65.495100
63.439300
38.826168
33.009333
38.794667
33.023667
64.521300
17.994000
36.182500
36.038833
37.620833
37.636333
19.188168
19.174000
35.973333
51.473900
36.563333
36.561333
60.001500
33.685000
60.545800
44.344900
35.679667
35.918167
44.479333
38.167200
37.498333
38.204700
17.922300
37.442500
17.903800
60.027500
38.172300
-6.247200
19.154333
51.409100
19.058834
17.936600
35.721800
31.495100
64.954300
38.781666
37.659000
35.875000
35.602000
32.201667
32.982833
34.001833
38.658167
38.771667
17.851300
63.435900
33.615333
33.616000
36.354667
31.641000
33.506333
33.152833
32.987833
33.152667
35.615000
50.323500
36.045000
33.061000
45.930000
33.599000
33.594333
43.733167
33.703000
63.302400
33.709667
38.839668
36.929000
58.701800
39.640600
58.051100
61.414700
69.416500
35.663167
40.091000
19.793300
46.291000
33.948500
33.596500
61.214700
33.210833
36.525500
61.441000
35.646833
38.840168
17.900100
62.138700
38.840832
36.085833
38.751500
46.237333
38.821335
38.806000
62.289500
19.223499
33.721167
33.710000
-11.094400
35.910000
35.727167
35.268167
36.480333
38.753833
63.257400
38.759998
33.718000
52.908600
35.600500
37.589500
17.940000
33.645000
63.109000
39.609667
46.014167
62.337500
36.090167
38.820167
38.036200
36.499000
40.468500
46.967333
38.147200
35.686500
35.806667
36.240667
52.697100
63.469500
38.833000
60.839900
36.426167
17.918100
38.835499
-20.792300
-18.193700
18.053300
38.041000
66.770100
33.938833
-6.675800
60.097100
64.705400
33.595667
33.583000
40.728167
17.869300
19.339333
38.796501
17.885300
17.984000
46.862667
65.399700
64.530700
-11.220600
38.150800
63.731600
38.764500
35.651167
17.914000
19.222000
38.772333
52.815000
64.515600
-5.900400
18.018600
-58.937700
67.351000
17.944800
32.942000
60.646200
-11.204100
55.529000
35.864833
40.097400
37.494000
38.808498
38.137300
35.862667
44.540667
40.856667
36.460333
64.521700
35.628333
52.718400
60.807600
35.680833
58.302500
61.872800
59.660900
35.668000
63.056500
64.641400
61.492000
38.147800
65.400400
41.738667
-5.322400
32.201333
57.127200
38.807833
33.485500
56.857900
37.487833
39.364667
60.237300
39.336200
38.806835
38.158300
38.806667
36.425000
56.888600
38.803333
33.984167
38.824165
19.401167
19.407000
35.868000
33.037833
35.647833
46.202667
36.988167
68.697000
38.135500
36.838667
17.970600
38.813667
32.864667
31.417333
61.419100
38.199700
59.660300
58.184333
38.807667
36.526833
35.634167
33.683833
47.527667
38.230300
39.337600
38.152300
54.902000
17.882800
38.130800
69.446500
69.475400
69.516800
69.563000
71.628900
-5.492600
61.670600
33.499833
60.161800
38.156900
38.038000
26.566200
35.640833
38.751667
33.637500
62.468800
36.493500
36.527167
38.702700
43.638400
33.047333
37.636333
37.629833
37.140333
36.356667
60.036500
17.954300
36.349500
36.569333
17.995600
-62.310000
39.364833
63.328000
35.731500
-11.759600
38.803165
60.474900
33.507667
33.030167
38.144300
38.177500
17.946800
60.138000
38.789665
64.502100
60.474100
34.024333
35.867500
61.703700
60.503600
38.814333
39.364167
35.344500
61.882200
36.494833
35.869500
38.838833
32.943000
39.335000
36.446500
-6.114000
59.702700
39.824600
63.279900
39.417400
36.297167
38.764668
46.767167
36.656333
59.950400
18.045100
19.229666
44.364833
38.753500
33.055000
38.192200
35.564000
39.333167
38.115700
62.918500
39.485833
63.134000
69.588500
54.692000
36.494167
38.841000
19.161167
38.150700
62.267700
35.751833
61.055800
54.987000
38.161700
36.348833
38.142000
44.359600
33.184500
44.478500
33.717333
59.362833
44.365500
33.009833
39.483500
44.374800
63.075900
38.799999
44.270167
37.482167
37.616000
58.267000
38.150800
36.296833
38.817501
62.899200
63.324400
38.146800
36.494500
38.198800
60.203500
38.781166
51.085700
36.473167
-32.706900
35.938000
62.562400
63.520200
36.021000
38.812000
42.611000
34.360833
35.688333
39.407300
38.499500
38.805167
38.482167
38.180000
59.360500
33.039833
29.759300
-19.070800
12.402700
38.656500
47.648500
62.066800
61.401000
36.430500
35.765500
52.181700
38.192500
19.204334
18.097000
38.143500
38.136300
38.149900
54.735200
47.024833
36.041833
38.139500
17.895800
34.548000
37.020200
38.138400
38.822498
38.138100
38.133700
62.314000
19.157000
38.140300
35.654833
38.777500
33.591000
61.301700
38.142600
19.030600
38.842167
37.972700
37.413333
33.589667
63.000100
38.808000
60.108900
36.494000
61.024700
35.558000
33.054333
35.668833
38.819832
61.301700
67.144300
36.486667
60.008200
33.007667
33.004333
32.985667
38.744667
38.143200
38.807499
38.742000
18.286500
19.192833
61.347700
38.061700
38.141300
46.897167
-6.442200
41.486600
60.258300
38.818001
38.164300
35.887500
46.588833
65.005000
54.029833
38.798333
47.897667
58.290500
17.925100
38.826500
17.914300
38.824167
58.294100
38.824001
62.062700
54.276600
35.648500
62.121000
54.094700
41.478900
-18.027600
46.900667
63.179600
40.290500
33.861833
35.864500
59.024600
38.824165
37.709333
35.673833
35.929500
33.846167
54.903300
61.369400
60.729700
38.823833
38.737000
33.506167
38.141300
35.667333
61.809800
37.051000
33.028000
65.397200
32.366000
35.599167
35.051667
17.917500
38.187200
45.850833
36.764167
61.436000
36.474667
36.443333
38.142200
38.152500
52.605700
17.926100
38.148000
44.737500
44.734167
44.736333
44.733167
44.733667
44.738333
46.869167
36.607500
44.736167
35.668500
44.742167
44.743167
44.742667
39.362667
38.741167
17.639800
26.530300
38.833333
53.867833
35.786167
57.374200
40.209500
35.786333
35.782000
36.427833
60.529333
65.216100
61.027500
38.162800
33.590000
38.170200
33.337500
59.595800
37.621667
61.222700
46.196500
46.661667
19.214001
18.331600
38.133800
56.309700
34.203200
36.524500
0.347300
18.174000
46.952833
33.839167
33.098833
38.159200
63.381800
36.226167
38.151000
23.420400
38.161700
61.647100
19.248501
19.169666
38.124500
51.434700
38.145400
35.852833
38.150100
39.366333
33.033500
39.364667
33.055667
57.984100
41.875833
51.260600
36.000000
38.489333
38.483500
46.309000
62.034800
38.481333
38.488167
32.945500
51.531200
38.165500
38.484667
38.485667
38.482333
38.478167
37.638833
38.792000
69.613900
35.651833
35.649833
17.963000
-10.751800
64.670700
38.994833
32.351800
38.124300
60.196000
61.883600
38.177300
66.056900
38.191700
38.142300
33.038167
33.034333
61.435000
36.430833
31.716600
66.253500
33.539500
-30.553600
36.525167
8.693900
38.799000
36.516333
40.730167
60.218200
34.499667
32.147167
33.151500
33.180000
36.443000
17.927100
38.068700
36.761500
38.836834
35.606333
44.764167
62.422900
36.530333
36.526000
51.429800
38.782600
46.849833
46.853500
19.031700
36.525500
67.373500
36.535333
62.903900
35.873167
64.516300
33.097833
33.472000
31.732000
35.618667
61.406300
19.220667
31.455667
38.142800
35.674000
63.093600
35.947167
62.607000
38.172700
35.864833
38.205800
33.446333
33.589667
63.407200
19.403833
19.204166
38.181000
32.985667
62.253200
38.153200
33.050000
33.496167
-62.326500
62.118700
35.687667
38.160000
40.087000
32.104800
61.106500
37.679700
36.431333
33.832000
60.203000
39.364500
38.797333
61.062700
62.265700
35.792667
35.795000
33.492000
39.364333
60.076400
64.548200
37.730667
38.700900
40.569333
38.831665
63.559200
38.185700
53.733300
36.525500
63.267000
65.079200
19.078500
61.529800
36.526667
66.328700
17.923800
37.335833
17.900500
36.082500
39.915667
38.786000
17.927500
59.963600
35.594167
38.834000
48.279667
36.526167
39.363167
39.364500
39.362667
57.983800
17.932600
35.614833
39.361667
39.364500
41.445000
17.928100
54.655000
36.519000
36.101167
38.199700
45.883167
61.552200
19.420000
38.146800
44.673833
38.120200
47.136000
54.837300
36.529833
38.201300
61.601800
61.642800
58.178200
61.341000
36.355833
39.916500
58.455300
48.222167
57.952300
34.100000
61.076300
60.456600
36.775200
60.458900
61.438700
38.835667
33.030000
38.129300
-1.288400
17.920600
36.691333
33.143167
38.183200
17.955000
61.172300
38.138500
38.787334
18.290400
38.257500
44.562833
39.367000
54.897600
60.249800
36.016333
61.333300
57.152300
59.295600
33.252500
-10.497100
38.001000
61.522600
38.837333
38.192500
36.532000
35.737333
38.155500
35.691167
-19.267000
56.516200
17.925600
-5.982200
35.691500
38.482667
38.480333
56.836000
38.835500
63.931000
17.934000
38.480000
-17.688800
38.205000
38.483000
59.228200
61.103400
60.128400
38.828167
40.725833
38.834667
38.131200
-28.994000
38.670300
38.126700
38.674300
36.448833
19.192499
54.863300
19.314300
36.365167
40.757500
38.833500
-27.460200
63.008900
44.557333
38.176200
44.639000
40.760000
62.526100
38.191300
54.919400
60.860800
38.481667
38.481500
60.168700
35.669667
58.960000
36.527167
44.564833
44.563167
63.215900
38.481667
38.070833
36.527000
60.046000
38.483167
38.167300
38.180800
38.178200
38.482167
38.481667
48.456833
38.480500
36.246000
46.236333
58.239500
64.585800
36.531333
38.816834
36.436500
60.157400
63.343800
36.525667
36.533000
38.222000
36.530500
36.531333
62.386300
19.153833
58.288900
38.165300
53.982000
38.159800
38.126300
-2.328000
38.822166
-20.904300
17.932300
36.065333
58.172833
36.758000
38.173300
35.638833
35.640167
36.478833
36.470500
38.165800
67.234900
38.815498
38.804833
53.559000
19.227667
36.741000
35.690333
34.358333
39.364000
63.350500
34.354167
58.453200
51.300000
39.914333
35.667333
17.923500
19.785167
54.810900
38.186200
63.707200
17.938000
58.231667
40.732500
35.712833
36.135333
19.543500
38.696100
61.126800
38.697900
38.190500
18.000100
33.632833
60.041500
39.365000
38.189300
33.632333
37.644500
46.724667
38.191800
64.007300
-11.910100
57.351900
9.635900
18.852833
38.201200
38.186500
19.534667
19.533833
17.942300
19.530500
37.619833
63.225700
60.138800
17.912500
38.833168
54.140000
36.429833
34.046167
60.523800
19.236000
38.133000
47.704833
38.852000
17.920300
19.163000
39.804900
33.788500
35.036500
17.916300
44.314667
38.156000
17.926100
38.184500
38.791332
17.922100
19.548333
44.291333
19.551000
17.919300
34.303600
19.556167
19.175167
17.952600
36.132667
63.528100
38.165700
47.569167
38.204800
68.541700
38.810001
38.789501
38.200700
37.297500
9.734600
25.643000
35.594500
65.409300
37.068333
35.976167
44.434500
9.922100
38.164800
33.070167
38.806000
19.257999
9.763300
33.585167
36.359500
48.321167
35.097333
36.852200
9.709700
58.416833
35.903333
36.429167
54.145333
61.574200
38.814835
39.922167
39.917833
35.870167
54.144667
35.872667
60.528333
38.786499
46.847333
39.367667
19.171333
46.847333
46.845167
19.165001
44.589833
54.140500
59.256200
38.828667
19.334167
37.633667
19.232500
-24.008500
45.859000
37.634833
38.160300
33.038500
61.427500
33.037000
39.920700
38.839668
-7.296900
33.041833
36.211667
46.845333
17.922800
32.696167
35.654500
35.973500
35.982333
35.668667
17.963500
19.200500
38.825667
37.625333
35.668167
35.801000
35.800167
33.031500
63.063000
63.071300
62.771500
62.042167
62.023167
62.025333
62.015000
46.232000
62.018000
60.378300
33.047000
19.217501
35.737167
36.104833
17.943800
58.807300
38.833668
38.777832
33.971833
33.974000
62.396700
40.007500
39.368167
44.772167
35.652500
38.799168
58.224000
58.243500
60.495400
35.439800
34.336667
38.817665
17.965100
32.053333
33.602000
34.483833
38.278200
38.149200
38.139200
33.045833
17.843300
63.464400
33.228333
34.194167
33.051000
37.493167
19.153500
19.422333
35.628000
38.068800
35.869167
36.273667
35.776667
18.772800
38.175800
27.165800
41.338333
3.126800
35.817333
44.282500
53.853333
33.035667
61.127700
38.182300
33.094167
-35.848000
7.969700
-9.537000
38.215200
19.212334
-18.991900
36.431333
38.138000
-9.501200
38.196300
39.361333
38.169300
19.456333
-62.342800
-9.576200
46.236000
38.481333
38.489833
38.484833
38.481833
19.792833
38.482000
38.482000
58.239833
44.557000
33.683333
58.505667
58.488333
32.945333
46.243167
-21.409500
40.097400
38.832832
35.588667
9.559500
-15.316600
-0.930600
38.825833
35.616167
38.393300
17.977300
63.573400
38.100500
61.153500
38.211700
38.834500
38.105300
38.152500
38.483167
33.718500
38.484500
38.482000
38.481167
61.693700
38.184700
38.501167
38.482167
38.484500
38.481833
38.481333
38.482500
19.805833
38.485500
38.480167
38.490167
38.815498
37.451333
38.200500
18.002800
19.181168
38.812667
38.162800
61.422400
17.956500
46.466000
61.061400
-20.782800
35.612833
61.439200
19.371500
36.452000
38.202300
32.910667
38.692900
38.202700
63.177400
38.835167
60.881900
61.042900
56.315667
63.057700
60.727100
38.116700
36.565500
18.709167
38.195400
43.764100
-18.018600
33.592333
35.977333
38.151700
33.042333
61.433300
39.359000
59.618500
60.174100
38.144700
36.108333
36.753333
44.247667
39.436900
61.392600
36.214667
61.643100
37.638833
53.870167
33.024500
33.039333
33.036500
36.138667
33.035333
34.210167
38.830500
35.679667
36.906333
34.017833
35.779500
33.037667
33.040667
33.038833
33.037500
0.789500
36.475500
38.811833
39.364167
40.058000
38.826332
38.840000
38.165500
12.189300
35.080167
35.882167
35.553667
17.940300
38.645200
35.911833
39.742900
38.810833
36.366000
33.043333
38.804833
-62.318800
36.915333
38.806833
19.430000
38.699600
19.221001
35.712333
33.553500
40.466667
33.509500
19.379667
61.242300
38.881700
38.809166
38.606000
37.495167
36.482500
19.226500
60.523000
39.405000
33.961000
15.965600
33.963000
38.144700
34.153300
35.737667
38.153300
54.844400
38.168000
38.200300
51.862667
33.599833
33.918167
39.578200
33.651833
41.437000
38.834000
38.105400
-32.268400
32.103500
38.694900
36.714900
33.059667
-38.251400
58.185167
61.378200
19.204333
19.194166
40.383700
32.864500
36.431500
50.710200
38.159500
19.238001
19.433666
37.529167
36.004167
60.193300
56.066667
61.264900
38.692800
38.809000
43.435500
38.197800
35.686167
33.048833
38.701800
19.407333
38.193200
36.964667
36.362167
39.356500
39.360333
36.462333
62.665200
44.668833
19.180334
19.348333
41.349833
38.165500
64.594600
18.010000
61.327800
39.413500
38.835833
18.008600
35.758500
18.018500
35.861167
19.214333
38.823502
38.165300
60.613400
60.634200
33.047333
35.630500
61.460800
36.427000
61.664300
19.456833
39.911500
44.378833
55.866500
33.481833
17.951600
45.689333
39.359900
-3.071200
33.491833
35.579667
38.134500
61.465100
39.924000
65.224300
47.887500
34.171000
35.035500
64.644600
38.810501
64.737900
36.430667
38.755500
65.946600
37.858167
19.224667
36.107333
64.969500
47.265333
33.498500
66.290800
35.606333
54.745800
44.301667
39.938000
19.416166
37.478167
64.635200
61.816500
43.171500
36.712500
35.693333
17.941500
37.637667
32.748667
60.427700
38.147200
38.614500
39.346833
36.428167
58.273167
33.045167
52.367000
17.935500
-35.332400
62.750600
64.657500
39.263167
37.132167
-24.067900
64.889100
35.600333
33.032667
33.035500
36.465500
51.686900
63.055400
38.189000
38.839500
19.217833
38.277200
61.634600
60.654700
65.481100
51.915400
52.331667
38.149500
38.821667
19.373000
19.173500
63.172900
38.787498
36.668667
59.702600
38.212200
66.324000
53.861100
38.042333
-62.204900
63.507100
33.807667
66.341600
-16.868400
38.820333
35.048000
19.407833
60.999100
61.645800
36.753333
33.135000
38.784168
18.032600
-20.221600
61.908800
63.148300
18.120500
58.233333
43.283900
38.011000
19.871900
38.762167
33.045000
-62.242700
14.700100
39.357500
35.630833
19.439500
35.880333
38.046167
63.235200
33.683833
38.191500
-62.166300
36.170833
38.833000
-4.329000
35.728667
62.764300
-23.651700
44.212833
44.295800
60.625000
38.202700
35.907167
53.863000
62.814800
38.812833
-62.217800
36.441500
17.945000
57.493300
17.944600
46.878000
37.645833
19.176666
61.454800
38.170300
59.799700
51.126400
60.312000
18.028100
38.182500
51.761800
61.147300
35.715667
54.830800
38.832833
35.655000
64.038300
37.533000
19.194666
36.150167
18.034600
-18.660400
36.732667
44.290000
61.253000
33.043333
33.029833
33.700833
35.950000
33.182000
51.302200
39.359500
36.525500
36.519833
38.143300
63.388000
17.927000
37.633833
38.159700
61.490800
38.826000
61.228400
39.881200
39.970900
33.961833
35.706000
36.043167
38.193300
38.835667
52.288667
58.542700
35.819833
63.542800
35.896167
57.852000
44.135300
18.024500
39.495200
37.496667
36.013167
38.156300
68.532700
36.070167
19.223000
35.863667
6.718800
68.557100
38.168500
38.821667
35.871833
47.925300
62.991200
36.525333
-15.611400
38.165000
62.941900
53.866000
53.866500
35.687167
54.868800
63.262200
59.908100
64.393500
33.183333
19.374667
35.653167
38.516833
38.175100
33.940500
69.538800
38.281000
64.876800
37.604833
63.454900
17.967600
35.840333
63.469600
33.939500
59.414400
52.328700
19.214001
19.333333
35.629167
38.162800
65.471300
47.432667
63.016400
63.915100
-21.853700
53.885900
36.523500
39.356333
37.632833
37.573333
47.838500
38.820667
60.174000
62.268700
37.288833
-8.310100
46.194667
63.191000
35.650500
35.647167
51.583800
54.319700
35.783000
60.424600
63.104200
38.123800
38.112700
38.827331
63.184400
38.165000
36.106333
39.359667
39.358167
44.370000
44.035500
35.978000
64.416200
38.818667
63.453700
52.210700
54.438500
-54.502200
38.146900
33.172500
37.607333
38.161000
19.217333
38.186800
64.665200
39.960700
33.958833
39.357167
61.149700
53.582500
38.786667
38.129200
63.345000
60.727400
17.925300
38.825167
38.813167
17.942100
39.182300
44.320833
35.643333
33.961833
54.608900
51.408300
2.335400
44.308500
62.215000
38.150300
39.356333
37.527833
51.554700
18.469500
19.431333
-21.861800
54.569100
19.456167
19.411167
63.046000
53.703300
38.863700
59.484900
60.823000
33.036833
62.118800
46.197333
68.563200
32.777000
41.443667
61.106100
44.694000
17.946500
62.954700
35.671500
33.044667
33.038333
33.037500
38.142800
62.183700
38.165300
35.813333
36.432833
38.194000
17.979300
38.163000
51.594600
38.820000
64.283100
37.616333
33.058167
33.018833
38.596667
48.692167
35.617167
65.037600
60.732900
-41.270900
36.029167
35.873000
60.194000
34.229500
38.193800
67.462800
36.022667
36.021167
37.483833
19.461500
59.886300
36.611667
36.127167
38.211300
33.967500
38.840668
62.041700
34.230333
38.800499
38.176500
63.257000
33.019500
62.644600
-9.605300
57.143600
35.715167
17.941000
38.169500
54.679700
35.736333
59.798400
36.310300
47.696000
33.431333
37.538333
17.941800
19.409333
44.288167
19.399166
38.688200
38.687167
36.130667
33.035500
54.883000
38.773499
36.527500
-22.360300
36.523333
35.868333
37.628200
35.902667
39.360667
-19.434800
51.785900
61.098300
36.531000
37.597667
39.358500
33.148333
38.162300
33.033667
38.166200
-31.388900
52.617400
39.368167
63.534500
35.760667
37.475833
35.945833
44.681667
63.566200
62.727200
33.507333
19.239500
-20.017000
64.992000
54.290300
51.680600
51.477400
54.197400
59.801800
52.057700
54.654400
46.231300
38.174800
53.635100
63.574000
59.315500
35.934500
33.153167
62.089700
35.743833
35.040000
17.957600
33.504833
4.198800
44.522000
36.528000
63.133600
36.524833
54.481900
38.825832
33.017667
33.039000
38.168700
46.350500
61.731900
38.787334
36.525000
39.362167
34.052333
60.268600
-5.982000
63.007000
35.824000
35.893000
33.045667
36.123833
59.635000
53.128500
44.530600
17.952600
54.317300
35.749833
38.136300
35.680500
35.670667
58.342667
10.977500
33.013000
33.055833
39.359000
33.670667
38.818001
33.007500
38.838501
17.949600
62.053000
19.425167
33.005667
-5.327000
33.035667
58.179000
58.172000
19.220501
58.228667
13.607800
35.645833
36.524833
60.729400
56.861700
58.398400
37.499667
38.781834
37.635333
36.525667
36.525167
36.528000
36.525167
35.642500
38.180000
37.499667
36.522167
52.698800
36.533833
-11.564700
46.924833
33.482667
61.325600
35.915667
46.930000
-6.396800
33.485500
27.629600
58.331000
17.968500
19.344333
38.156200
39.363833
63.590700
47.074167
65.470000
38.176000
19.645500
59.968500
37.560000
54.593300
52.335700
45.873333
20.644800
35.674333
-1.881000
33.480333
38.184300
19.421167
38.174300
60.117500
60.521833
35.892000
66.645100
38.823502
65.430500
63.215400
35.654000
38.190700
35.825333
61.989300
33.025333
38.227200
19.154167
62.290400
61.528000
-5.540800
33.002333
-23.708900
38.150300
60.924400
64.745900
33.063333
61.526500
33.459667
63.231400
61.635800
60.636700
39.365333
2.495800
38.139700
38.797333
63.471300
38.148700
41.455167
61.496600
67.275600
52.337167
60.266200
59.696900
60.867700
-7.805100
38.163800
36.361500
37.327333
35.864167
34.116167
33.019333
38.137500
33.500167
45.871000
33.715167
47.212167
-33.699800
37.634667
37.337167
38.166200
58.240333
35.667333
60.261900
60.260600
38.143700
18.031100
38.080000
60.086700
36.226500
32.748167
38.167300
63.737000
33.497667
38.108700
61.289900
41.449667
61.726300
33.466333
61.409600
66.133700
53.139000
64.529200
38.825165
37.636167
33.029000
62.939100
45.575200
38.155800
63.109700
36.592500
38.174200
37.636833
34.225667
17.948300
17.925500
62.871600
52.076333
8.449300
37.634167
33.019833
38.164300
56.335200
33.006500
38.808000
33.005667
35.679167
33.033500
38.163300
44.433000
33.016167
38.160700
38.183833
38.161700
19.419500
33.037667
33.057000
38.161700
38.185200
37.334833
38.178200
37.476667
39.359333
35.676833
33.020167
39.363667
38.760333
35.903333
38.754833
66.033600
38.757332
33.595000
-29.493100
58.626900
32.745500
33.017500
60.660500
-11.803100
33.700500
-11.599300
38.147300
63.467000
38.841835
61.068600
61.415900
-17.694700
33.051167
62.990100
60.887400
49.069500
17.982100
35.886000
39.290167
17.963800
39.360333
37.660167
34.049167
62.282200
61.409200
38.069200
51.776200
36.361833
62.018300
38.138300
35.903167
33.050167
33.030500
38.154700
33.922667
37.632167
38.776165
38.180300
61.112700
44.378000
54.535000
33.049167
54.676700
51.843500
38.822500
62.805100
35.881833
39.367000
51.186600
39.358667
51.252000
69.551600
33.046833
33.765500
38.177500
38.796166
35.818000
39.358667
35.906667
19.478333
39.359000
36.758300
38.146500
38.220000
38.162700
58.260167
35.799167
38.813499
62.200300
38.038000
19.217167
39.366500
38.208200
61.055700
39.359333
61.178333
33.007500
54.397000
37.461667
17.953100
19.335667
19.417667
63.095600
33.021333
33.025000
60.064700
64.178100
40.778333
39.364000
33.013667
36.036667
33.002667
54.129500
60.318900
39.361500
39.363167
39.362000
33.013833
35.848667
63.088100
54.866000
39.362500
17.937500
39.362333
33.025333
39.363833
39.358667
40.554700
33.017667
38.178500
39.357333
38.161400
35.975000
33.018667
33.029500
37.958500
38.157000
39.428400
65.023200
61.574800
36.129167
38.776165
60.807700
33.507167
66.328900
37.634833
37.857833
63.015100
39.360667
69.481900
62.916000
58.276000
64.994300
63.006600
32.941167
60.723500
39.848900
66.443400
17.423000
-12.426700
14.449100
33.187500
51.708100
33.072167
33.685833
40.781000
60.136400
38.801833
51.549000
38.199000
60.069500
29.865000
33.022667
46.198500
54.569200
36.521167
-14.591000
38.813500
33.027000
47.506167
38.795833
-15.093500
54.547800
62.148600
60.417100
33.499667
33.017667
33.737500
57.095600
69.406900
19.208334
36.463667
33.027833
35.701833
39.622200
53.626800
38.840000
33.008167
35.660333
18.013600
37.233600
62.837400
35.861000
33.005000
61.232200
33.017500
19.415833
63.279000
51.450900
63.036900
19.225500
33.021833
17.942000
33.014833
54.576700
62.614300
33.014167
33.009667
65.481200
36.738300
36.129500
33.025833
64.993300
33.014333
33.022333
-4.135800
19.216833
38.187300
65.408700
19.214500
-6.015100
-4.366100
33.013000
38.819500
38.820332
9.242800
33.088167
38.160500
62.307700
-5.943300
61.883600
54.993800
67.774800
60.516200
38.158800
38.823500
69.450600
38.157000
38.187500
38.205000
38.815834
67.350300
33.479167
38.817500
48.574500
37.666500
62.015700
37.559167
17.955000
38.156500
62.882800
33.027333
33.011000
33.000500
33.020167
35.660000
19.162500
51.758300
-18.673100
38.807667
36.351333
33.505000
33.505500
55.147300
40.515000
38.087833
51.325300
19.418167
36.658333
58.282100
35.367167
19.348167
38.005833
-23.615600
47.674500
33.025667
32.996333
33.016667
38.162200
36.493333
36.847333
-62.366600
66.325200
33.053667
38.166000
59.524900
54.727300
47.551000
47.528667
61.587400
48.484833
47.521833
54.646600
63.266500
38.183800
33.441000
38.179500
57.806900
60.551200
32.938833
63.053600
35.751167
33.029000
33.035000
19.233667
37.259333
33.032667
54.937500
67.332700
33.056000
38.188500
33.033333
33.106000
63.603200
63.658200
33.975333
53.500600
33.039000
36.499333
33.034500
36.096333
38.814167
68.539900
38.815498
33.017167
38.181000
-7.160500
-62.293700
33.443000
33.110500
54.127833
38.151700
61.439400
33.364667
68.530500
33.020667
38.815000
69.516400
33.010667
61.434600
66.308100
35.689167
60.172600
38.699800
39.706333
48.436500
38.809333
26.202400
63.210700
33.496500
38.808334
33.079500
46.198833
-15.992000
38.178000
36.905833
63.365500
19.458166
66.343900
55.033400
37.821500
38.813500
38.193300
51.481600
35.674500
32.940333
65.688400
38.832333
63.009200
39.947000
37.493000
54.870000
33.541333
39.365167
38.140300
15.622600
37.441000
33.021000
51.604300
38.087167
54.571700
33.013500
62.243800
38.095167
38.092500
33.028833
38.004667
38.006667
38.093667
65.753700
33.011000
38.085333
37.491833
39.292833
33.037500
52.198600
69.278000
-5.405800
47.737333
33.040667
33.020833
51.395300
36.528833
36.134333
59.123100
13.780000
58.248000
33.053667
38.084167
36.509667
38.144300
18.195000
47.753167
60.553900
38.093667
60.841800
61.034100
29.889400
38.093167
40.291333
33.067333
61.513700
38.829667
61.518100
61.557700
33.017000
38.127333
53.117800
54.618900
19.207500
35.706500
67.531700
33.053000
17.921600
38.099000
47.324167
38.092000
17.833300
63.205400
37.103167
60.523000
38.151800
33.017333
35.901000
33.067000
62.995400
33.030500
54.641200
36.094500
36.524667
33.017000
51.482200
33.009833
51.583800
63.275900
33.164000
52.107500
38.168000
62.254100
36.534000
38.169200
61.386800
59.393200
36.528333
38.865500
33.010500
62.178700
19.230333
19.463167
36.597833
33.935333
33.030833
38.141500
52.320167
33.520400
51.525400
52.322500
33.034333
33.011667
52.322833
38.098300
51.769000
17.920500
38.770000
38.834331
33.023333
33.017833
37.658333
33.036000
33.015667
38.794834
33.032000
19.454500
35.713333
33.074833
63.046400
37.582333
17.957600
38.141700
52.078833
52.052833
33.023333
53.582500
50.316100
64.618100
33.955333
50.794400
51.515800
38.825001
35.918500
38.170700
38.184000
38.196833
38.809834
38.810001
60.651100
18.531500
35.859667
35.919500
38.171300
53.991000
36.733300
33.642333
33.636833
2.518100
33.641833
33.637000
33.021833
33.637500
52.037333
19.215834
36.593500
38.206200
33.143167
33.026167
33.043500
-29.694700
34.225167
33.052167
40.484667
40.468833
33.027833
38.139700
34.207667
33.981167
33.003167
37.477167
46.200167
38.773667
38.149200
44.333700
33.904167
38.691333
33.052333
33.030167
38.189800
38.835667
38.200800
35.918000
33.015333
19.051001
39.367167
19.203833
51.828500
35.769833
36.703333
36.525667
37.626167
63.309100
13.573800
33.038667
36.525500
33.030833
35.727167
62.473300
36.525167
54.605500
51.284300
33.033333
40.731833
33.043000
31.577100
33.067167
33.035500
33.039667
34.025500
38.046800
37.497833
38.169100
51.547700
35.666667
18.748900
36.529500
36.526000
57.086000
6.150900
59.763100
38.841167
68.557000
58.945300
37.653300
33.057833
33.019167
58.426600
52.089200
64.453900
33.069833
36.522167
54.545400
19.205166
51.673400
33.102333
36.524833
60.064200
36.527500
14.573800
36.532000
59.583300
36.534167
35.916167
-4.195900
36.654333
35.712000
33.793500
33.465833
18.013600
33.703000
33.021500
61.400700
52.550400
53.551800
61.752200
38.145200
35.918000
36.748000
35.682833
33.056667
19.219000
38.116100
33.028167
33.041667
47.441600
35.891167
58.163167
19.195499
38.806333
35.780167
44.268100
37.425667
51.935667
33.060000
-1.160900
65.169900
19.415333
35.627333
37.990500
59.775500
39.487500
43.902800
35.593167
-62.242700
45.553333
18.831200
33.017667
33.695833
34.032500
64.962500
35.031500
33.639500
33.029500
38.974167
38.807000
35.703500
38.223000
38.168500
33.033500
35.666833
61.522600
44.509833
19.197500
33.032667
35.823000
44.728833
-8.831000
38.841000
19.161333
38.134300
38.794334
38.199300
33.167333
48.428667
44.725167
33.025333
38.154700
35.997833
38.725700
33.027167
33.034833
33.034167
47.170167
33.020333
36.439100
33.043833
31.507000
35.651000
34.075333
33.040500
38.808333
38.810333
38.158000
53.935500
35.863333
63.256700
38.800835
38.134500
51.555100
33.895000
53.800667
33.048667
58.456100
39.271333
33.031167
38.189500
37.680333
36.131333
38.942500
38.955500
38.947000
-8.676700
40.677000
33.344833
40.675833
65.192500
51.869000
46.009000
38.261700
38.164700
44.357600
65.029500
51.360800
19.473833
33.017500
33.573833
47.686000
40.076600
58.170800
66.217800
38.801666
38.323500
53.860333
38.198667
35.890667
35.890333
58.168600
38.190167
33.031000
53.865667
61.085800
36.292700
38.123000
33.115000
19.360333
33.059333
19.199833
34.034000
33.025667
33.003000
51.655700
32.978000
33.954167
35.850167
54.637900
38.865333
-19.418700
19.230333
19.460833
38.151500
33.019500
38.153500
49.388500
38.153800
35.657833
35.675333
52.261667
35.650500
-8.760900
39.705000
33.013500
46.056667
53.868333
37.608333
37.595333
36.237333
33.014833
35.627333
33.105833
17.948100
33.091833
36.348000
33.043833
54.622100
58.249833
19.215166
33.075667
33.097333
33.021333
33.034167
33.026500
19.405001
38.837000
33.037000
19.167000
33.109333
37.495000
37.494500
33.105667
19.225334
33.017500
33.102000
46.926833
51.330400
38.993333
39.405300
63.083600
32.965000
33.074833
54.683200
38.840000
-5.010900
33.791167
38.802334
60.874400
33.058667
38.470700
38.834331
19.223667
54.664300
47.637000
54.832400
51.622700
18.462000
39.611800
33.011500
33.020167
33.566333
36.522833
33.021000
59.574500
33.009333
33.033167
33.059167
38.177300
33.030333
19.342333
33.042000
33.062500
38.801333
38.150200
63.087900
38.806168
54.139833
35.602000
67.933600
35.878167
34.303000
34.304333
34.950000
33.056667
33.050000
-17.166000
35.679833
34.306167
63.312500
38.189200
33.038667
33.684167
37.496167
37.496833
57.772800
17.967600
66.250100
19.990500
33.080333
31.623833
33.016500
-62.346700
35.732000
33.037667
33.012667
68.885700
35.643000
38.137200
61.630900
33.043667
33.051833
54.754500
33.031000
33.039167
61.760400
33.039000
38.597000
33.066167
38.154800
33.035833
67.356400
35.732667
33.029333
17.943600
33.048167
33.046833
38.839000
33.024833
38.164500
33.010167
33.041000
37.640500
-8.505600
33.051333
36.352667
33.051833
63.158700
37.538833
35.715167
38.834499
54.703400
-5.418900
64.729300
35.860833
33.028667
33.938333
37.649500
33.035833
33.047000
33.677500
33.053167
-62.373500
33.046833
56.445800
62.503000
33.044500
64.947100
33.238833
38.826168
37.633500
35.421667
17.942300
52.068833
33.381167
33.051667
51.182000
38.755000
33.707833
35.663500
17.968000
37.639500
37.634500
-8.691100
33.058333
38.174200
-8.775800
54.522100
38.162700
38.148000
38.167700
38.195300
-8.510100
33.059500
33.060667
36.344000
38.097500
63.359300
0.717300
54.677800
35.698500
35.754667
33.026667
40.087100
38.174700
38.793335
35.429833
38.813499
33.067500
59.433000
51.591400
62.194900
-31.291000
33.065500
51.501500
35.897167
19.186666
33.068500
33.041500
36.204500
39.850500
39.850500
33.020833
38.070000
33.073833
33.060000
54.736300
39.359900
52.066333
33.025333
35.730833
44.403500
17.934500
16.903200
38.138000
63.365100
33.053667
33.063333
54.137800
33.130833
33.062000
33.063167
36.556700
33.062667
38.820833
37.634000
66.818400
35.963000
68.586800
54.615700
33.031333
33.040167
38.163800
37.501833
15.782900
68.567700
33.717500
33.050667
33.067500
33.064667
38.822498
33.038667
38.216500
33.069000
62.227800
33.053500
33.058500
33.060667
38.802834
33.062500
33.054500
33.056333
-62.318000
47.280167
38.826500
32.974500
33.057000
33.065500
33.057667
33.069333
66.329100
48.165667
33.061167
38.835000
33.060167
33.069167
47.286500
33.068167
36.028333
36.026167
38.192700
33.029500
61.091000
33.036167
38.174400
33.041833
38.457400
35.629167
17.936100
47.687000
33.053833
-19.422500
19.179667
51.164000
33.035500
37.650667
45.951500
37.654000
33.046667
35.684667
46.389667
61.493500
33.062000
33.016167
33.062167
51.176300
33.055500
36.475833
33.068333
-14.748800
73.847200
