-62.368100
-62.355700
-62.344100
-54.626700
-31.734500
-31.576600
-31.526500
-31.415000
-31.357000
-31.178100
-28.879100
-28.281400
-27.291800
-25.567500
-25.040800
-23.948900
-23.324600
-22.528100
-22.070800
-21.928600
-20.810400
-20.809100
-19.511100
-19.096400
-17.030600
-16.630900
-16.481800
-11.656600
-7.791200
-7.623900
-7.530100
-6.081000
-6.036400
-5.344800
-4.424200
-3.897200
-3.682600
-3.421600
-3.393400
-3.312200
-3.261500
-3.248400
-3.227200
-0.488100
1.542800
2.522800
3.946000
4.596300
5.230300
7.227600
8.115300
10.452900
10.871200
11.151300
13.665100
15.302200
17.505900
17.843800
17.848000
17.862600
17.880100
17.883600
17.884000
17.889300
17.901300
17.902800
17.907600
17.918100
17.925800
17.928300
17.929500
17.931100
17.931500
17.932000
17.932800
17.934100
17.936000
17.937100
17.938000
17.938600
17.939300
17.940000
17.941800
17.941800
17.942100
17.944100
17.945100
17.945300
17.945600
17.947300
17.953100
17.958600
17.960500
17.961300
17.962300
17.963600
17.964800
17.966500
17.966600
17.968100
18.002600
18.003500
18.005300
18.017600
18.023600
18.031100
18.033800
18.035600
18.216300
19.124001
19.155167
19.156334
19.157167
19.158167
19.159666
19.162500
19.163666
19.167166
19.175333
19.176834
19.179501
19.184834
19.188000
19.188499
19.189501
19.190666
19.201166
19.206167
19.208166
19.209999
19.211834
19.212833
19.214333
19.215000
19.215166
19.216000
19.216333
19.217833
19.224167
19.225166
19.226166
19.226833
19.226999
19.230000
19.230667
19.230833
19.231667
19.235167
19.236000
19.236000
19.236834
19.239500
19.239500
19.240167
19.320000
19.341333
19.349200
19.364500
19.372499
19.377001
19.378166
19.379333
19.389668
19.399166
19.401833
19.402000
19.402500
19.402500
19.406834
19.412001
19.413666
19.417999
19.419167
19.422333
19.424833
19.430333
19.439167
19.460333
19.463499
19.474667
19.478167
19.484667
19.492666
19.506834
23.262100
29.612000
31.644900
31.697000
31.748400
31.894167
32.394501
32.429667
32.433166
32.436833
32.454833
32.459167
32.482500
32.749667
32.751333
32.753000
32.837167
32.862500
32.864333
32.866000
32.871500
32.898833
32.916667
32.919500
32.923333
32.924833
32.925333
32.927333
32.975333
33.031333
33.038667
33.047667
33.047833
33.048667
33.052333
33.053333
33.055167
33.056000
33.056333
33.057500
33.059333
33.059833
33.061833
33.066667
33.090500
33.110500
33.111167
33.116000
33.119000
33.119500
33.120667
33.140333
33.158167
33.160667
33.164667
33.170333
33.172167
33.176500
33.181833
33.197500
33.229000
33.234833
33.249667
33.289500
33.313333
33.321333
33.334833
33.340500
33.377333
33.382833
33.385500
33.386000
33.390667
33.467000
33.478333
33.481500
33.481667
33.484167
33.487833
33.491833
33.492500
33.495000
33.500167
33.511667
33.526333
33.529667
33.539667
33.588167
33.590000
33.592500
33.593000
33.594667
33.594833
33.595000
33.595500
33.595667
33.595833
33.595833
33.596500
33.596500
33.596833
33.597167
33.597833
33.599667
33.600167
33.600833
33.602833
33.604667
33.631833
33.632833
33.633500
33.640333
33.640500
33.642167
33.647500
33.650333
33.666000
33.670500
33.671333
33.677500
33.677667
33.681500
33.683833
33.684167
33.685167
33.687833
33.692333
33.709667
33.763833
33.775167
33.828000
33.846833
33.888500
33.893300
33.905000
33.914000
33.920833
33.931833
33.935667
33.937667
33.948000
33.981500
33.982333
33.997833
34.008333
34.016833
34.038667
34.045500
34.076667
34.091333
34.112667
34.132333
34.141333
34.161167
34.197167
34.199833
34.201667
34.207833
34.300500
34.332667
34.333667
34.361333
34.363833
34.398667
34.458667
34.500833
34.811333
34.945500
34.998500
35.037833
35.062833
35.086333
35.099333
35.213667
35.321333
35.360667
35.366833
35.373500
35.379833
35.414667
35.501000
35.540333
35.569167
35.593167
35.599333
35.605333
35.605667
35.611000
35.612667
35.612835
35.615500
35.616000
35.628000
35.628000
35.644167
35.649667
35.649833
35.661333
35.667000
35.667667
35.668667
35.668833
35.668833
35.670667
35.672333
35.673167
35.675667
35.676500
35.677333
35.677500
35.679500
35.683667
35.683833
35.690167
35.690833
35.712167
35.715833
35.719667
35.736667
35.742833
35.744333
35.748333
35.751333
35.754500
35.758333
35.758667
35.769500
35.773167
35.775167
35.779167
35.783333
35.787000
35.793000
35.794833
35.795500
35.796667
35.798000
35.798667
35.800833
35.805500
35.807500
35.808500
35.819500
35.823667
35.834167
35.838000
35.840333
35.849833
35.854833
35.856000
35.856667
35.858667
35.859167
35.859333
35.859667
35.860500
35.861000
35.861167
35.861500
35.862167
35.863500
35.870167
35.872667
35.873667
35.874667
35.878000
35.880000
35.880500
35.883333
35.887000
35.887333
35.888667
35.889167
35.889667
35.895667
35.899667
35.899833
35.906167
35.906667
35.907000
35.907000
35.909333
35.909333
35.911000
35.912500
35.915167
35.916000
35.934200
35.948000
35.958667
35.963000
35.975333
35.976333
35.980999
35.986061
35.988667
35.991000
35.992167
36.022833
36.025665
36.026333
36.026833
36.027167
36.027833
36.028333
36.029333
36.033833
36.072333
36.081667
36.083833
36.086500
36.101333
36.117500
36.122500
36.122667
36.123833
36.125500
36.127167
36.132333
36.151500
36.156667
36.180000
36.223333
36.248302
36.313833
36.314333
36.327833
36.358500
36.360167
36.363833
36.365833
36.408333
36.438833
36.446335
36.452833
36.457000
36.458167
36.458667
36.467500
36.472167
36.473333
36.482964
36.494667
36.510000
36.512000
36.514700
36.523833
36.574333
36.619667
36.624668
36.635600
36.641400
36.644833
36.660333
36.670800
36.684700
36.715000
36.748500
36.850500
36.859665
36.860001
36.866978
36.875332
36.888554
36.937668
36.965667
36.976666
36.977001
37.132500
37.206000
37.241800
37.247000
37.274900
37.286000
37.337700
37.374001
37.390333
37.445200
37.477667
37.481167
37.488833
37.490667
37.500332
37.503667
37.509167
37.516667
37.536500
37.544167
37.574000
37.580500
37.588167
37.591500
37.603000
37.611333
37.611500
37.613998
37.616333
37.624333
37.627000
37.628833
37.630165
37.630167
37.631333
37.631667
37.632667
37.633500
37.633667
37.635000
37.636000
37.636167
37.637501
37.638333
37.638500
37.641000
37.642333
37.643333
37.645000
37.648333
37.649000
37.652333
37.657667
37.659500
37.660333
37.687800
37.715000
37.738833
37.884666
38.018700
38.041332
38.049700
38.052700
38.055200
38.101200
38.101800
38.102800
38.106333
38.106800
38.114500
38.117000
38.120000
38.120500
38.122800
38.126800
38.127000
38.127400
38.129000
38.130300
38.131200
38.132000
38.134300
38.134500
38.136000
38.136300
38.137500
38.137700
38.137800
38.138000
38.138300
38.138300
38.142000
38.145300
38.145700
38.145700
38.145700
38.147300
38.148000
38.148200
38.148700
38.148800
38.149100
38.149300
38.149500
38.150000
38.150300
38.150500
38.152000
38.153300
38.153300
38.153500
38.154000
38.155700
38.157000
38.159000
38.160500
38.160700
38.160800
38.161200
38.161300
38.161500
38.161500
38.162000
38.162200
38.162200
38.163300
38.164500
38.164500
38.165200
38.165300
38.165700
38.166200
38.166300
38.166500
38.167700
38.168200
38.168700
38.168700
38.168900
38.169200
38.169700
38.169700
38.170000
38.170300
38.170700
38.171000
38.171300
38.171800
38.172500
38.173167
38.174300
38.175300
38.175500
38.176300
38.177200
38.177300
38.177800
38.179200
38.180000
38.180300
38.180500
38.184700
38.184800
38.185200
38.185500
38.185700
38.188700
38.190300
38.192300
38.193000
38.193300
38.193500
38.196800
38.202500
38.202800
38.208500
38.211300
38.215700
38.228200
38.238200
38.256700
38.343200
38.349000
38.363800
38.393000
38.420300
38.458200
38.487167
38.489167
38.490500
38.490667
38.491833
38.492000
38.493167
38.545000
38.558834
38.566000
38.569667
38.585833
38.621333
38.657500
38.687200
38.744335
38.766834
38.768333
38.772835
38.773666
38.776165
38.776165
38.778300
38.784668
38.786499
38.789833
38.795502
38.799835
38.800335
38.800999
38.801167
38.801334
38.801666
38.802834
38.803001
38.803165
38.803333
38.803333
38.803665
38.804501
38.804668
38.805168
38.805668
38.806000
38.806168
38.806332
38.806667
38.807167
38.807667
38.807835
38.807999
38.807999
38.808498
38.808666
38.808834
38.809502
38.811832
38.812668
38.815666
38.816502
38.817001
38.817501
38.817833
38.818500
38.818668
38.818668
38.818832
38.820667
38.820835
38.821499
38.824333
38.825001
38.826168
38.826667
38.827168
38.827499
38.827835
38.828667
38.828834
38.830666
38.831833
38.832165
38.832165
38.833168
38.834499
38.834835
38.835167
38.835167
38.835999
38.836166
38.836166
38.836498
38.837002
38.837166
38.837502
38.838001
38.838833
38.839333
38.839668
38.839668
38.839832
38.840168
38.840500
38.840668
38.841000
38.841167
38.841167
38.842835
38.842999
38.843334
38.843498
38.849333
38.900300
38.921833
38.961333
38.986000
39.023900
39.040333
39.127800
39.164665
39.187000
39.197000
39.199000
39.202100
39.229800
39.361832
39.362000
39.367500
39.394000
39.418700
39.422000
39.432333
39.462300
39.505333
39.537800
39.585900
39.652900
39.663700
39.664200
39.665000
39.665100
39.665500
39.665800
39.667500
39.671100
39.674200
39.674900
39.675100
39.675300
39.675700
39.675800
39.675900
39.676400
39.676400
39.676400
39.677400
39.677500
39.677800
39.678200
39.683000
39.684000
39.699500
39.702333
39.705333
39.710000
39.711167
40.021100
40.024400
40.034400
40.083500
40.085800
40.107200
40.110700
40.141334
40.198500
40.329334
40.330002
40.347000
40.406167
40.411500
40.412833
40.711667
40.729333
40.791167
40.871498
40.951332
41.005167
41.446833
41.792667
42.182700
42.501100
44.007667
44.281000
44.282500
44.284300
44.289167
44.295000
44.296833
44.301000
44.301167
44.303500
44.303700
44.305167
44.306500
44.310000
44.312000
44.321833
44.325167
44.346333
44.359167
44.361000
44.361833
44.365833
44.373667
44.515667
44.526000
44.531167
44.539667
44.582333
44.669167
44.720333
44.770167
45.005500
45.175000
45.189333
45.366000
46.003833
46.009500
46.197167
46.198667
46.237667
46.462833
46.720167
46.854667
46.857833
46.858000
46.863667
46.873333
46.876833
46.877833
46.889000
46.942000
47.197667
47.427166
47.731333
47.887000
48.064000
48.092667
48.152667
48.155833
48.310333
48.320667
48.327667
48.596833
48.629667
48.705667
48.745667
48.893000
49.401333
50.629900
51.601333
51.742900
51.763500
51.852667
51.861833
52.086000
52.382167
53.136500
53.854667
53.860500
53.867000
54.040400
54.081000
54.082000
54.086000
54.096167
54.618600
55.975700
56.031700
56.072400
56.231500
56.271000
57.425000
57.455500
57.475600
57.985600
58.135833
58.160667
58.163000
58.180167
58.180500
58.181500
58.183500
58.187500
58.194500
58.197000
58.201000
58.271000
58.273000
58.291833
58.348833
58.357667
58.381667
58.416833
58.417333
58.419500
58.502400
58.511167
58.526500
59.304300
59.355300
59.363833
59.365000
59.373333
59.435300
59.449400
59.564700
59.730700
59.759600
59.764400
59.768100
59.776000
59.828000
59.853700
59.862100
59.876200
59.920400
59.941100
59.951600
60.011100
60.042800
60.046800
60.051800
60.092400
60.107700
60.114900
60.130600
60.146400
60.186000
60.186300
60.191100
60.192100
60.226200
60.233200
60.250200
60.274200
60.275900
60.303700
60.306000
60.310100
60.331400
60.346000
60.358300
60.395500
60.410500
60.410900
60.437800
60.440500
60.546300
60.573500
60.587900
60.606700
60.646000
60.669200
60.821800
60.851200
60.925400
60.932400
60.940700
60.943200
60.949300
61.000100
61.001500
61.040700
61.047500
61.048500
61.061100
61.066400
61.084700
61.094300
61.115200
61.150800
61.163100
61.168300
61.182600
61.230600
61.261500
61.286400
61.294700
61.311000
61.350700
61.364900
61.384000
61.388700
61.404600
61.410100
61.415200
61.443100
61.454500
61.455800
61.464900
61.500700
61.503500
61.503700
61.515400
61.545200
61.549800
61.570800
61.576100
61.577400
61.630100
61.653600
61.657700
61.708000
61.718500
61.767700
61.774500
61.789600
61.809500
61.809900
61.933000
61.933200
61.941700
61.947000
61.964700
61.969700
62.042900
62.054800
62.061800
62.087800
62.113300
62.115300
62.156900
62.158600
62.184200
62.188900
62.229400
62.230600
62.256300
62.274000
62.324700
62.414500
62.521600
62.526600
62.628200
62.638500
62.677100
62.688300
62.691600
62.758400
62.819400
62.844100
62.881500
62.897000
62.901600
62.955700
62.972200
62.980700
63.027300
63.048400
63.049800
63.068000
63.076000
63.097300
63.118400
63.122200
63.148400
63.152900
63.159000
63.162900
63.211700
63.226200
63.238300
63.243200
63.254000
63.255000
63.257000
63.263300
63.266800
63.267100
63.276200
63.278300
63.280800
63.312000
63.312600
63.319900
63.335500
63.346600
63.352600
63.364100
63.373400
63.380800
63.422700
63.450900
63.479500
63.481400
63.536000
63.552500
63.557400
63.561100
63.563300
63.564200
63.570700
63.810900
63.894100
63.935100
63.977500
64.599900
64.648100
64.700200
64.716700
64.719300
64.757400
64.832600
64.856500
64.912500
64.925900
64.968800
64.977300
64.981300
64.986200
65.013000
65.150200
65.267200
65.320300
65.334200
65.405400
65.593700
65.697200
66.007300
66.192300
66.216600
66.246300
66.266400
66.285400
66.303000
66.306500
66.313300
67.092400
67.112600
68.420300
68.472300
68.516500
68.695700
68.777600
69.042300
69.055600
69.365200
69.372500
69.475400
73.847200
