-62.483400
-59.505100
-34.023900
-31.617900
-31.494300
-30.548300
-28.558400
-26.927000
-26.161800
-24.360200
-24.079700
-23.210000
-23.105000
-21.939900
-21.173400
-20.913200
-19.328700
-19.299800
-18.091600
-16.582500
-16.462200
-15.186600
-15.000200
-14.948800
-9.821300
-8.320900
-7.340800
-7.150900
-7.089700
-6.564200
-5.965700
-5.824300
-4.943400
-4.902200
-4.776300
-2.217500
-1.340900
1.794700
4.506900
6.501700
6.785700
9.772100
10.786200
11.316400
11.441200
13.122500
13.338100
13.931300
14.008400
14.551600
14.623700
14.653200
14.697900
14.795800
14.837300
14.854100
14.893300
14.936300
15.030600
15.072900
15.121000
15.492500
15.598400
17.188800
17.359600
17.860100
17.861800
17.880300
17.895600
17.912600
17.914000
17.915300
17.916300
17.917600
17.920000
17.921600
17.921600
17.922100
17.924500
17.925100
17.927500
17.928300
17.928500
17.932000
17.935100
17.935800
17.936000
17.936000
17.937500
17.939100
17.939600
17.939600
17.940500
17.944500
17.944800
17.945500
17.945500
17.946300
17.950800
17.951500
17.957100
17.957300
17.958300
17.959100
17.959500
17.966000
17.969500
17.970500
17.972300
17.973800
17.976300
17.978100
17.985600
17.996100
18.020000
18.028600
18.136100
18.181100
18.187800
18.268100
18.308100
18.504600
18.539300
18.713800
18.899666
19.005501
19.109333
19.118334
19.147499
19.152000
19.154833
19.154833
19.155000
19.158667
19.160999
19.163666
19.164167
19.164667
19.166500
19.168167
19.169333
19.177500
19.184000
19.187166
19.189167
19.195999
19.201334
19.202333
19.202833
19.205334
19.205999
19.206333
19.209499
19.212000
19.214333
19.215833
19.217167
19.221333
19.223333
19.229166
19.235666
19.240667
19.330833
19.333333
19.336833
19.338667
19.348500
19.356333
19.360666
19.370001
19.373501
19.376167
19.395000
19.399334
19.400833
19.401833
19.402834
19.412333
19.418667
19.419500
19.420000
19.455500
19.486500
19.490667
19.853700
20.081167
24.474800
27.395800
28.563800
29.455400
30.132400
31.369500
31.617400
31.938400
32.401600
32.428167
32.593667
32.668833
32.832000
32.897833
32.901333
32.903167
32.920333
32.921500
32.923167
32.926333
32.926500
33.010833
33.011667
33.020833
33.030667
33.056167
33.071500
33.076667
33.110500
33.131000
33.132667
33.143167
33.164333
33.169500
33.172833
33.173167
33.194833
33.204500
33.210667
33.263333
33.264333
33.293333
33.297000
33.318667
33.338667
33.345833
33.375833
33.416000
33.473667
33.475667
33.485667
33.488100
33.491167
33.492167
33.496667
33.497500
33.514000
33.518833
33.549167
33.554667
33.561833
33.583500
33.588167
33.589667
33.594667
33.596000
33.598667
33.600500
33.621300
33.629000
33.640667
33.665667
33.675167
33.686667
33.709500
33.717667
33.718833
33.723667
33.728833
33.729167
33.760333
33.772500
33.803500
33.806500
33.806833
33.811000
33.820167
33.836833
33.850833
33.875667
33.907833
33.937833
33.938000
33.943333
33.954000
33.956333
33.956667
33.974000
33.994833
33.997667
33.998167
34.008167
34.012667
34.013667
34.047167
34.052000
34.052500
34.059167
34.152333
34.180500
34.214167
34.225833
34.270500
34.308167
34.338667
34.386833
34.401500
34.482667
34.505333
34.618667
34.637000
34.808000
34.831500
34.968000
34.988667
35.034500
35.034833
35.052500
35.078667
35.081667
35.085667
35.094833
35.096000
35.096333
35.096500
35.097167
35.097333
35.098833
35.101667
35.114500
35.120667
35.160167
35.182800
35.216333
35.230667
35.261333
35.278333
35.318167
35.386900
35.446700
35.485000
35.501333
35.506100
35.509500
35.527833
35.529333
35.531400
35.561300
35.569100
35.592600
35.593167
35.600833
35.612500
35.617667
35.629833
35.633500
35.635500
35.640400
35.640667
35.645000
35.651667
35.651667
35.659500
35.661667
35.661667
35.663667
35.664167
35.667000
35.668500
35.670000
35.670500
35.676000
35.677833
35.680000
35.680333
35.681500
35.681667
35.682500
35.684333
35.684500
35.687500
35.699167
35.706333
35.713500
35.718333
35.722667
35.754833
35.759000
35.760500
35.762000
35.765500
35.773000
35.774333
35.795667
35.797167
35.797333
35.800000
35.800000
35.801667
35.805500
35.810833
35.814833
35.815167
35.816167
35.823500
35.824500
35.831000
35.836167
35.855000
35.856833
35.857833
35.857833
35.860667
35.862333
35.864167
35.864833
35.865000
35.866833
35.869167
35.871333
35.874167
35.877667
35.878000
35.878167
35.887833
35.889000
35.890167
35.890833
35.894167
35.903167
35.905167
35.906667
35.909000
35.911000
35.912500
35.914167
35.926833
35.943000
35.944000
35.946000
35.972667
35.974000
35.978667
35.983500
35.993667
36.012501
36.029667
36.066000
36.067833
36.068333
36.071333
36.103833
36.104667
36.106500
36.107667
36.112667
36.121167
36.125167
36.131333
36.137333
36.141500
36.150000
36.158333
36.162333
36.168833
36.179300
36.195499
36.199300
36.211000
36.233166
36.269000
36.295833
36.297167
36.345000
36.355333
36.357333
36.359167
36.360333
36.364333
36.367667
36.404333
36.417500
36.420333
36.423000
36.424835
36.430000
36.437200
36.437667
36.439500
36.439833
36.440500
36.441000
36.455500
36.459833
36.459833
36.460667
36.465167
36.465333
36.465500
36.474167
36.479833
36.480667
36.481667
36.485667
36.485833
36.496333
36.513667
36.516000
36.540000
36.567667
36.654500
36.654833
36.679001
36.694833
36.699001
36.735667
36.738500
36.759500
36.883833
36.907300
36.962333
36.962833
37.007167
37.011800
37.057500
37.097167
37.136000
37.138300
37.187832
37.258499
37.334667
37.384500
37.415600
37.457500
37.460500
37.468000
37.492832
37.494833
37.495499
37.495833
37.496500
37.498333
37.498833
37.499168
37.514000
37.523833
37.547500
37.548332
37.598667
37.606833
37.609833
37.617667
37.620500
37.620500
37.627667
37.630333
37.631667
37.633000
37.633167
37.633500
37.634000
37.636167
37.636167
37.636333
37.636500
37.637333
37.637667
37.637833
37.638167
37.639167
37.639833
37.641000
37.655333
37.659167
37.659333
37.659833
37.786667
37.791832
37.872833
37.874000
37.876167
37.888668
37.889332
37.949800
38.040500
38.050700
38.069300
38.070700
38.076200
38.082167
38.095300
38.096500
38.110000
38.110200
38.112900
38.113200
38.114900
38.116800
38.120800
38.124700
38.125200
38.125300
38.126300
38.126800
38.130000
38.131200
38.135200
38.136300
38.136800
38.137000
38.137000
38.137700
38.137800
38.138700
38.140700
38.140900
38.142000
38.142700
38.142800
38.143500
38.143800
38.144000
38.144300
38.145700
38.147000
38.147300
38.148700
38.150200
38.150200
38.150700
38.151700
38.151800
38.152000
38.152000
38.152200
38.152300
38.153200
38.153200
38.153700
38.154000
38.154300
38.155300
38.155300
38.156500
38.156500
38.156700
38.157700
38.158000
38.158300
38.159200
38.159800
38.160800
38.160800
38.160800
38.161500
38.161500
38.161700
38.161800
38.162200
38.162800
38.163000
38.163300
38.163500
38.163700
38.163700
38.164300
38.164700
38.164700
38.164700
38.165200
38.165800
38.166200
38.167000
38.167500
38.169000
38.170700
38.171100
38.171200
38.171300
38.171700
38.171800
38.172000
38.172300
38.172300
38.172700
38.173700
38.174500
38.175200
38.175300
38.175700
38.175900
38.176300
38.177200
38.177300
38.177300
38.179000
38.179200
38.179500
38.180300
38.180833
38.180900
38.181300
38.181700
38.181700
38.181800
38.182300
38.183200
38.183500
38.184000
38.184000
38.184500
38.185000
38.185400
38.186700
38.188200
38.188600
38.189000
38.189800
38.190500
38.190700
38.191300
38.191700
38.191700
38.196200
38.196200
38.197800
38.197800
38.197800
38.197800
38.198200
38.200300
38.201000
38.201700
38.202300
38.203300
38.205300
38.205700
38.210000
38.210800
38.211800
38.212000
38.214000
38.217700
38.218200
38.247700
38.286200
38.411200
38.411200
38.411600
38.493500
38.544000
38.571300
38.574500
38.577000
38.582500
38.611800
38.643333
38.707667
38.740600
38.741100
38.756168
38.757832
38.764332
38.769833
38.778667
38.778999
38.782501
38.784832
38.785832
38.788834
38.789501
38.792499
38.795334
38.799835
38.799999
38.802666
38.803165
38.806000
38.807667
38.808834
38.809666
38.809834
38.810001
38.810001
38.810001
38.810165
38.810833
38.811165
38.812000
38.812332
38.814499
38.815834
38.819168
38.819500
38.820332
38.821167
38.821499
38.822666
38.822666
38.823166
38.823334
38.823502
38.826168
38.828499
38.828834
38.831001
38.831333
38.831333
38.831333
38.831665
38.831833
38.832165
38.832668
38.832832
38.833000
38.833332
38.833332
38.833332
38.834000
38.834167
38.834499
38.834667
38.834667
38.834999
38.835335
38.835999
38.835999
38.836498
38.836834
38.837666
38.838665
38.838833
38.843834
38.874333
39.009600
39.047000
39.049800
39.114800
39.209333
39.214800
39.230200
39.231300
39.290833
39.354100
39.358666
39.359000
39.364666
39.364666
39.365501
39.374168
39.380165
39.404500
39.405900
39.408300
39.409333
39.565300
39.595100
39.599900
39.600400
39.618668
39.623000
39.666800
39.670500
39.675700
39.728300
39.909500
39.943700
39.965500
39.970200
40.023400
40.223833
40.231998
40.308333
40.310001
40.403700
40.425400
40.440498
40.462667
40.463667
40.464000
40.464167
40.464667
40.464833
40.492333
40.493167
40.560167
40.567000
40.709500
40.711000
40.724998
40.874668
41.450833
41.806333
41.807167
41.927500
41.929167
42.029800
42.392833
42.445667
43.372200
44.251500
44.264600
44.274167
44.275833
44.277333
44.280667
44.282167
44.293500
44.295000
44.296667
44.296700
44.305000
44.313400
44.318333
44.321667
44.330167
44.363833
44.364167
44.366167
44.367500
44.367667
44.369000
44.370000
44.551000
44.658333
44.676333
44.740167
44.769667
44.802667
44.808667
45.042000
45.097667
45.186000
45.219400
45.687500
45.768500
45.944667
46.003833
46.019833
46.175500
46.821333
46.876500
46.879167
46.894500
46.932000
46.959667
47.006500
47.255167
47.551500
47.608000
47.673500
47.680000
47.683000
47.696167
47.739000
48.036333
48.131833
49.345833
51.655667
51.886400
52.039500
52.047167
52.077667
52.082500
52.088000
52.088333
52.092500
52.302833
52.340333
52.484300
53.287333
53.393600
53.416167
53.695667
53.856833
53.863000
53.863167
53.863833
53.864833
53.865333
53.866333
53.866333
53.866500
53.867000
53.867500
53.867667
53.869167
53.869500
53.870167
53.873833
54.146667
54.259600
54.589333
54.605167
54.755100
54.758000
55.394833
55.510700
55.586200
56.022900
56.888167
57.021500
57.029500
57.351500
57.499400
57.590400
57.693100
57.752900
58.092200
58.162500
58.162500
58.163667
58.164333
58.167833
58.168333
58.169333
58.169500
58.184000
58.205500
58.210500
58.221333
58.226900
58.236333
58.238667
58.249167
58.249333
58.249833
58.259000
58.265167
58.265667
58.266500
58.268100
58.269667
58.271667
58.275167
58.282000
58.285700
58.287667
58.288333
58.288800
58.292333
58.295333
58.304167
58.310000
58.321833
58.333100
58.340600
58.355833
58.364833
58.367100
58.367667
58.369500
58.370000
58.373833
58.376667
58.379833
58.393333
58.447500
58.455667
58.466167
58.468667
58.504500
58.574800
58.577800
58.673900
59.056300
59.305000
59.367167
59.368333
59.371200
59.444800
59.526400
59.543600
59.599600
59.600900
59.661800
59.711400
59.724400
59.751900
59.792100
59.811800
59.853800
59.905900
59.919600
59.934000
59.947300
59.971900
59.992500
59.996300
59.997000
60.000100
60.001600
60.007100
60.007700
60.033000
60.052800
60.062100
60.136700
60.163400
60.213800
60.222000
60.231800
60.258500
60.280400
60.307000
60.316100
60.335100
60.336900
60.376700
60.469667
60.470900
60.471800
60.474000
60.488600
60.540500
60.564667
60.568100
60.641600
60.720300
60.723300
60.738400
60.741900
60.744300
60.752100
60.803100
60.829700
60.839300
60.901600
60.920800
60.924500
60.933200
60.950300
60.958000
61.034000
61.041600
61.048200
61.053100
61.055100
61.055100
61.055900
61.072900
61.075700
61.079900
61.097700
61.130200
61.130500
61.136300
61.159800
61.182167
61.201900
61.235400
61.261000
61.304300
61.322800
61.337900
61.340100
61.348600
61.365200
61.371600
61.395200
61.405300
61.407300
61.416000
61.444500
61.465800
61.468600
61.469300
61.481100
61.486300
61.496000
61.520500
61.528900
61.529500
61.530400
61.533300
61.542200
61.568400
61.568900
61.569300
61.585300
61.609900
61.639900
61.643300
61.698100
61.710800
61.724700
61.805100
61.834800
61.865100
61.893900
61.906800
61.984600
62.001600
62.013800
62.028900
62.030000
62.041100
62.070500
62.106900
62.143300
62.147900
62.185800
62.192000
62.195400
62.196900
62.198900
62.201100
62.205200
62.221200
62.225300
62.241600
62.277100
62.483200
62.532300
62.550900
62.586600
62.587500
62.622500
62.633700
62.695100
62.722600
62.821500
62.828600
62.843100
62.886900
62.898500
62.907200
62.913500
62.915100
62.932500
62.971400
63.013200
63.019000
63.022000
63.024800
63.031600
63.038500
63.039000
63.041500
63.077800
63.091200
63.094400
63.104200
63.112300
63.169600
63.211100
63.221400
63.256200
63.263700
63.270600
63.280100
63.281600
63.282200
63.284700
63.368100
63.383700
63.435800
63.461100
63.481200
63.481500
63.493700
63.507800
63.540600
63.563100
63.568000
63.577000
63.592300
64.098500
64.138500
64.243200
64.576200
64.577200
64.583200
64.673600
64.725400
64.799600
64.804400
64.814400
64.844100
64.922100
64.952300
64.966000
64.973600
64.976700
65.012300
65.174700
65.787900
65.907600
66.235800
67.322200
68.507300
68.898800
69.446500
69.516800
