-62.483400
-62.368100
-62.355700
-62.344100
-59.505100
-54.626700
-34.023900
-31.734500
-31.617900
-31.576600
-31.526500
-31.494300
-31.415000
-31.357000
-31.178100
-30.548300
-28.879100
-28.558400
-28.281400
-27.291800
-26.927000
-26.161800
-25.567500
-25.040800
-24.360200
-24.079700
-23.948900
-23.324600
-23.210000
-23.105000
-22.528100
-22.070800
-21.939900
-21.928600
-21.173400
-20.913200
-20.810400
-20.809100
-19.511100
-19.328700
-19.299800
-19.096400
-18.091600
-17.030600
-16.630900
-16.582500
-16.481800
-16.462200
-15.186600
-15.000200
-14.948800
-11.656600
-9.821300
-8.320900
-7.791200
-7.623900
-7.530100
-7.340800
-7.150900
-7.089700
-6.564200
-6.081000
-6.036400
-5.965700
-5.824300
-5.344800
-4.943400
-4.902200
-4.776300
-4.424200
-3.897200
-3.682600
-3.421600
-3.393400
-3.312200
-3.261500
-3.248400
-3.227200
-2.217500
-1.340900
-0.488100
1.542800
1.794700
2.522800
3.946000
4.506900
4.596300
5.230300
6.501700
6.785700
7.227600
8.115300
9.772100
10.452900
10.786200
10.871200
11.151300
11.316400
11.441200
13.122500
13.338100
13.665100
13.931300
14.008400
14.551600
14.623700
14.653200
14.697900
14.795800
14.837300
14.854100
14.893300
14.936300
15.030600
15.072900
15.121000
15.302200
15.492500
15.598400
17.188800
17.359600
17.505900
17.843800
17.848000
17.860100
17.861800
17.862600
17.880100
17.880300
17.883600
17.884000
17.889300
17.895600
17.901300
17.902800
17.907600
17.912600
17.914000
17.915300
17.916300
17.917600
17.918100
17.920000
17.921600
17.921600
17.922100
17.924500
17.925100
17.925800
17.927500
17.928300
17.928300
17.928500
17.929500
17.931100
17.931500
17.932000
17.932000
17.932800
17.934100
17.935100
17.935800
17.936000
17.936000
17.936000
17.937100
17.937500
17.938000
17.938600
17.939100
17.939300
17.939600
17.939600
17.940000
17.940500
17.941800
17.941800
17.942100
17.944100
17.944500
17.944800
17.945100
17.945300
17.945500
17.945500
17.945600
17.946300
17.947300
17.950800
17.951500
17.953100
17.957100
17.957300
17.958300
17.958600
17.959100
17.959500
17.960500
17.961300
17.962300
17.963600
17.964800
17.966000
17.966500
17.966600
17.968100
17.969500
17.970500
17.972300
17.973800
17.976300
17.978100
17.985600
17.996100
18.002600
18.003500
18.005300
18.017600
18.020000
18.023600
18.028600
18.031100
18.033800
18.035600
18.136100
18.181100
18.187800
18.216300
18.268100
18.308100
18.504600
18.539300
18.713800
18.899666
19.005501
19.109333
19.118334
19.124001
19.147499
19.152000
19.154833
19.154833
19.155000
19.155167
19.156334
19.157167
19.158167
19.158667
19.159666
19.160999
19.162500
19.163666
19.163666
19.164167
19.164667
19.166500
19.167166
19.168167
19.169333
19.175333
19.176834
19.177500
19.179501
19.184000
19.184834
19.187166
19.188000
19.188499
19.189167
19.189501
19.190666
19.195999
19.201166
19.201334
19.202333
19.202833
19.205334
19.205999
19.206167
19.206333
19.208166
19.209499
19.209999
19.211834
19.212000
19.212833
19.214333
19.214333
19.215000
19.215166
19.215833
19.216000
19.216333
19.217167
19.217833
19.221333
19.223333
19.224167
19.225166
19.226166
19.226833
19.226999
19.229166
19.230000
19.230667
19.230833
19.231667
19.235167
19.235666
19.236000
19.236000
19.236834
19.239500
19.239500
19.240167
19.240667
19.320000
19.330833
19.333333
19.336833
19.338667
19.341333
19.348500
19.349200
19.356333
19.360666
19.364500
19.370001
19.372499
19.373501
19.376167
19.377001
19.378166
19.379333
19.389668
19.395000
19.399166
19.399334
19.400833
19.401833
19.401833
19.402000
19.402500
19.402500
19.402834
19.406834
19.412001
19.412333
19.413666
19.417999
19.418667
19.419167
19.419500
19.420000
19.422333
19.424833
19.430333
19.439167
19.455500
19.460333
19.463499
19.474667
19.478167
19.484667
19.486500
19.490667
19.492666
19.506834
19.853700
20.081167
23.262100
24.474800
27.395800
28.563800
29.455400
29.612000
30.132400
31.369500
31.617400
31.644900
31.697000
31.748400
31.894167
31.938400
32.394501
32.401600
32.428167
32.429667
32.433166
32.436833
32.454833
32.459167
32.482500
32.593667
32.668833
32.749667
32.751333
32.753000
32.832000
32.837167
32.862500
32.864333
32.866000
32.871500
32.897833
32.898833
32.901333
32.903167
32.916667
32.919500
32.920333
32.921500
32.923167
32.923333
32.924833
32.925333
32.926333
32.926500
32.927333
32.975333
33.010833
33.011667
33.020833
33.030667
33.031333
33.038667
33.047667
33.047833
33.048667
33.052333
33.053333
33.055167
33.056000
33.056167
33.056333
33.057500
33.059333
33.059833
33.061833
33.066667
33.071500
33.076667
33.090500
33.110500
33.110500
33.111167
33.116000
33.119000
33.119500
33.120667
33.131000
33.132667
33.140333
33.143167
33.158167
33.160667
33.164333
33.164667
33.169500
33.170333
33.172167
33.172833
33.173167
33.176500
33.181833
33.194833
33.197500
33.204500
33.210667
33.229000
33.234833
33.249667
33.263333
33.264333
33.289500
33.293333
33.297000
33.313333
33.318667
33.321333
33.334833
33.338667
33.340500
33.345833
33.375833
33.377333
33.382833
33.385500
33.386000
33.390667
33.416000
33.467000
33.473667
33.475667
33.478333
33.481500
33.481667
33.484167
33.485667
33.487833
33.488100
33.491167
33.491833
33.492167
33.492500
33.495000
33.496667
33.497500
33.500167
33.511667
33.514000
33.518833
33.526333
33.529667
33.539667
33.549167
33.554667
33.561833
33.583500
33.588167
33.588167
33.589667
33.590000
33.592500
33.593000
33.594667
33.594667
33.594833
33.595000
33.595500
33.595667
33.595833
33.595833
33.596000
33.596500
33.596500
33.596833
33.597167
33.597833
33.598667
33.599667
33.600167
33.600500
33.600833
33.602833
33.604667
33.621300
33.629000
33.631833
33.632833
33.633500
33.640333
33.640500
33.640667
33.642167
33.647500
33.650333
33.665667
33.666000
33.670500
33.671333
33.675167
33.677500
33.677667
33.681500
33.683833
33.684167
33.685167
33.686667
33.687833
33.692333
33.709500
33.709667
33.717667
33.718833
33.723667
33.728833
33.729167
33.760333
33.763833
33.772500
33.775167
33.803500
33.806500
33.806833
33.811000
33.820167
33.828000
33.836833
33.846833
33.850833
33.875667
33.888500
33.893300
33.905000
33.907833
33.914000
33.920833
33.931833
33.935667
33.937667
33.937833
33.938000
33.943333
33.948000
33.954000
33.956333
33.956667
33.974000
33.981500
33.982333
33.994833
33.997667
33.997833
33.998167
34.008167
34.008333
34.012667
34.013667
34.016833
34.038667
34.045500
34.047167
34.052000
34.052500
34.059167
34.076667
34.091333
34.112667
34.132333
34.141333
34.152333
34.161167
34.180500
34.197167
34.199833
34.201667
34.207833
34.214167
34.225833
34.270500
34.300500
34.308167
34.332667
34.333667
34.338667
34.361333
34.363833
34.386833
34.398667
34.401500
34.458667
34.482667
34.500833
34.505333
34.618667
34.637000
34.808000
34.811333
34.831500
34.945500
34.968000
34.988667
34.998500
35.034500
35.034833
35.037833
35.052500
35.062833
35.078667
35.081667
35.085667
35.086333
35.094833
35.096000
35.096333
35.096500
35.097167
35.097333
35.098833
35.099333
35.101667
35.114500
35.120667
35.160167
35.182800
35.213667
35.216333
35.230667
35.261333
35.278333
35.318167
35.321333
35.360667
35.366833
35.373500
35.379833
35.386900
35.414667
35.446700
35.485000
35.501000
35.501333
35.506100
35.509500
35.527833
35.529333
35.531400
35.540333
35.561300
35.569100
35.569167
35.592600
35.593167
35.593167
35.599333
35.600833
35.605333
35.605667
35.611000
35.612500
35.612667
35.612835
35.615500
35.616000
35.617667
35.628000
35.628000
35.629833
35.633500
35.635500
35.640400
35.640667
35.644167
35.645000
35.649667
35.649833
35.651667
35.651667
35.659500
35.661333
35.661667
35.661667
35.663667
35.664167
35.667000
35.667000
35.667667
35.668500
35.668667
35.668833
35.668833
35.670000
35.670500
35.670667
35.672333
35.673167
35.675667
35.676000
35.676500
35.677333
35.677500
35.677833
35.679500
35.680000
35.680333
35.681500
35.681667
35.682500
35.683667
35.683833
35.684333
35.684500
35.687500
35.690167
35.690833
35.699167
35.706333
35.712167
35.713500
35.715833
35.718333
35.719667
35.722667
35.736667
35.742833
35.744333
35.748333
35.751333
35.754500
35.754833
35.758333
35.758667
35.759000
35.760500
35.762000
35.765500
35.769500
35.773000
35.773167
35.774333
35.775167
35.779167
35.783333
35.787000
35.793000
35.794833
35.795500
35.795667
35.796667
35.797167
35.797333
35.798000
35.798667
35.800000
35.800000
35.800833
35.801667
35.805500
35.805500
35.807500
35.808500
35.810833
35.814833
35.815167
35.816167
35.819500
35.823500
35.823667
35.824500
35.831000
35.834167
35.836167
35.838000
35.840333
35.849833
35.854833
35.855000
35.856000
35.856667
35.856833
35.857833
35.857833
35.858667
35.859167
35.859333
35.859667
35.860500
35.860667
35.861000
35.861167
35.861500
35.862167
35.862333
35.863500
35.864167
35.864833
35.865000
35.866833
35.869167
35.870167
35.871333
35.872667
35.873667
35.874167
35.874667
35.877667
35.878000
35.878000
35.878167
35.880000
35.880500
35.883333
35.887000
35.887333
35.887833
35.888667
35.889000
35.889167
35.889667
35.890167
35.890833
35.894167
35.895667
35.899667
35.899833
35.903167
35.905167
35.906167
35.906667
35.906667
35.907000
35.907000
35.909000
35.909333
35.909333
35.911000
35.911000
35.912500
35.912500
35.914167
35.915167
35.916000
35.926833
35.934200
35.943000
35.944000
35.946000
35.948000
35.958667
35.963000
35.972667
35.974000
35.975333
35.976333
35.978667
35.980999
35.983500
35.986061
35.988667
35.991000
35.992167
35.993667
36.012501
36.022833
36.025665
36.026333
36.026833
36.027167
36.027833
36.028333
36.029333
36.029667
36.033833
36.066000
36.067833
36.068333
36.071333
36.072333
36.081667
36.083833
36.086500
36.101333
36.103833
36.104667
36.106500
36.107667
36.112667
36.117500
36.121167
36.122500
36.122667
36.123833
36.125167
36.125500
36.127167
36.131333
36.132333
36.137333
36.141500
36.150000
36.151500
36.156667
36.158333
36.162333
36.168833
36.179300
36.180000
36.195499
36.199300
36.211000
36.223333
36.233166
36.248302
36.269000
36.295833
36.297167
36.313833
36.314333
36.327833
36.345000
36.355333
36.357333
36.358500
36.359167
36.360167
36.360333
36.363833
36.364333
36.365833
36.367667
36.404333
36.408333
36.417500
36.420333
36.423000
36.424835
36.430000
36.437200
36.437667
36.438833
36.439500
36.439833
36.440500
36.441000
36.446335
36.452833
36.455500
36.457000
36.458167
36.458667
36.459833
36.459833
36.460667
36.465167
36.465333
36.465500
36.467500
36.472167
36.473333
36.474167
36.479833
36.480667
36.481667
36.482964
36.485667
36.485833
36.494667
36.496333
36.510000
36.512000
36.513667
36.514700
36.516000
36.523833
36.540000
36.567667
36.574333
36.619667
36.624668
36.635600
36.641400
36.644833
36.654500
36.654833
36.660333
36.670800
36.679001
36.684700
36.694833
36.699001
36.715000
36.735667
36.738500
36.748500
36.759500
36.850500
36.859665
36.860001
36.866978
36.875332
36.883833
36.888554
36.907300
36.937668
36.962333
36.962833
36.965667
36.976666
36.977001
37.007167
37.011800
37.057500
37.097167
37.132500
37.136000
37.138300
37.187832
37.206000
37.241800
37.247000
37.258499
37.274900
37.286000
37.334667
37.337700
37.374001
37.384500
37.390333
37.415600
37.445200
37.457500
37.460500
37.468000
37.477667
37.481167
37.488833
37.490667
37.492832
37.494833
37.495499
37.495833
37.496500
37.498333
37.498833
37.499168
37.500332
37.503667
37.509167
37.514000
37.516667
37.523833
37.536500
37.544167
37.547500
37.548332
37.574000
37.580500
37.588167
37.591500
37.598667
37.603000
37.606833
37.609833
37.611333
37.611500
37.613998
37.616333
37.617667
37.620500
37.620500
37.624333
37.627000
37.627667
37.628833
37.630165
37.630167
37.630333
37.631333
37.631667
37.631667
37.632667
37.633000
37.633167
37.633500
37.633500
37.633667
37.634000
37.635000
37.636000
37.636167
37.636167
37.636167
37.636333
37.636500
37.637333
37.637501
37.637667
37.637833
37.638167
37.638333
37.638500
37.639167
37.639833
37.641000
37.641000
37.642333
37.643333
37.645000
37.648333
37.649000
37.652333
37.655333
37.657667
37.659167
37.659333
37.659500
37.659833
37.660333
37.687800
37.715000
37.738833
37.786667
37.791832
37.872833
37.874000
37.876167
37.884666
37.888668
37.889332
37.949800
38.018700
38.040500
38.041332
38.049700
38.050700
38.052700
38.055200
38.069300
38.070700
38.076200
38.082167
38.095300
38.096500
38.101200
38.101800
38.102800
38.106333
38.106800
38.110000
38.110200
38.112900
38.113200
38.114500
38.114900
38.116800
38.117000
38.120000
38.120500
38.120800
38.122800
38.124700
38.125200
38.125300
38.126300
38.126800
38.126800
38.127000
38.127400
38.129000
38.130000
38.130300
38.131200
38.131200
38.132000
38.134300
38.134500
38.135200
38.136000
38.136300
38.136300
38.136800
38.137000
38.137000
38.137500
38.137700
38.137700
38.137800
38.137800
38.138000
38.138300
38.138300
38.138700
38.140700
38.140900
38.142000
38.142000
38.142700
38.142800
38.143500
38.143800
38.144000
38.144300
38.145300
38.145700
38.145700
38.145700
38.145700
38.147000
38.147300
38.147300
38.148000
38.148200
38.148700
38.148700
38.148800
38.149100
38.149300
38.149500
38.150000
38.150200
38.150200
38.150300
38.150500
38.150700
38.151700
38.151800
38.152000
38.152000
38.152000
38.152200
38.152300
38.153200
38.153200
38.153300
38.153300
38.153500
38.153700
38.154000
38.154000
38.154300
38.155300
38.155300
38.155700
38.156500
38.156500
38.156700
38.157000
38.157700
38.158000
38.158300
38.159000
38.159200
38.159800
38.160500
38.160700
38.160800
38.160800
38.160800
38.160800
38.161200
38.161300
38.161500
38.161500
38.161500
38.161500
38.161700
38.161800
38.162000
38.162200
38.162200
38.162200
38.162800
38.163000
38.163300
38.163300
38.163500
38.163700
38.163700
38.164300
38.164500
38.164500
38.164700
38.164700
38.164700
38.165200
38.165200
38.165300
38.165700
38.165800
38.166200
38.166200
38.166300
38.166500
38.167000
38.167500
38.167700
38.168200
38.168700
38.168700
38.168900
38.169000
38.169200
38.169700
38.169700
38.170000
38.170300
38.170700
38.170700
38.171000
38.171100
38.171200
38.171300
38.171300
38.171700
38.171800
38.171800
38.172000
38.172300
38.172300
38.172500
38.172700
38.173167
38.173700
38.174300
38.174500
38.175200
38.175300
38.175300
38.175500
38.175700
38.175900
38.176300
38.176300
38.177200
38.177200
38.177300
38.177300
38.177300
38.177800
38.179000
38.179200
38.179200
38.179500
38.180000
38.180300
38.180300
38.180500
38.180833
38.180900
38.181300
38.181700
38.181700
38.181800
38.182300
38.183200
38.183500
38.184000
38.184000
38.184500
38.184700
38.184800
38.185000
38.185200
38.185400
38.185500
38.185700
38.186700
38.188200
38.188600
38.188700
38.189000
38.189800
38.190300
38.190500
38.190700
38.191300
38.191700
38.191700
38.192300
38.193000
38.193300
38.193500
38.196200
38.196200
38.196800
38.197800
38.197800
38.197800
38.197800
38.198200
38.200300
38.201000
38.201700
38.202300
38.202500
38.202800
38.203300
38.205300
38.205700
38.208500
38.210000
38.210800
38.211300
38.211800
38.212000
38.214000
38.215700
38.217700
38.218200
38.228200
38.238200
38.247700
38.256700
38.286200
38.343200
38.349000
38.363800
38.393000
38.411200
38.411200
38.411600
38.420300
38.458200
38.487167
38.489167
38.490500
38.490667
38.491833
38.492000
38.493167
38.493500
38.544000
38.545000
38.558834
38.566000
38.569667
38.571300
38.574500
38.577000
38.582500
38.585833
38.611800
38.621333
38.643333
38.657500
38.687200
38.707667
38.740600
38.741100
38.744335
38.756168
38.757832
38.764332
38.766834
38.768333
38.769833
38.772835
38.773666
38.776165
38.776165
38.778300
38.778667
38.778999
38.782501
38.784668
38.784832
38.785832
38.786499
38.788834
38.789501
38.789833
38.792499
38.795334
38.795502
38.799835
38.799835
38.799999
38.800335
38.800999
38.801167
38.801334
38.801666
38.802666
38.802834
38.803001
38.803165
38.803165
38.803333
38.803333
38.803665
38.804501
38.804668
38.805168
38.805668
38.806000
38.806000
38.806168
38.806332
38.806667
38.807167
38.807667
38.807667
38.807835
38.807999
38.807999
38.808498
38.808666
38.808834
38.808834
38.809502
38.809666
38.809834
38.810001
38.810001
38.810001
38.810165
38.810833
38.811165
38.811832
38.812000
38.812332
38.812668
38.814499
38.815666
38.815834
38.816502
38.817001
38.817501
38.817833
38.818500
38.818668
38.818668
38.818832
38.819168
38.819500
38.820332
38.820667
38.820835
38.821167
38.821499
38.821499
38.822666
38.822666
38.823166
38.823334
38.823502
38.824333
38.825001
38.826168
38.826168
38.826667
38.827168
38.827499
38.827835
38.828499
38.828667
38.828834
38.828834
38.830666
38.831001
38.831333
38.831333
38.831333
38.831665
38.831833
38.831833
38.832165
38.832165
38.832165
38.832668
38.832832
38.833000
38.833168
38.833332
38.833332
38.833332
38.834000
38.834167
38.834499
38.834499
38.834667
38.834667
38.834835
38.834999
38.835167
38.835167
38.835335
38.835999
38.835999
38.835999
38.836166
38.836166
38.836498
38.836498
38.836834
38.837002
38.837166
38.837502
38.837666
38.838001
38.838665
38.838833
38.838833
38.839333
38.839668
38.839668
38.839832
38.840168
38.840500
38.840668
38.841000
38.841167
38.841167
38.842835
38.842999
38.843334
38.843498
38.843834
38.849333
38.874333
38.900300
38.921833
38.961333
38.986000
39.009600
39.023900
39.040333
39.047000
39.049800
39.114800
39.127800
39.164665
39.187000
39.197000
39.199000
39.202100
39.209333
39.214800
39.229800
39.230200
39.231300
39.290833
39.354100
39.358666
39.359000
39.361832
39.362000
39.364666
39.364666
39.365501
39.367500
39.374168
39.380165
39.394000
39.404500
39.405900
39.408300
39.409333
39.418700
39.422000
39.432333
39.462300
39.505333
39.537800
39.565300
39.585900
39.595100
39.599900
39.600400
39.618668
39.623000
39.652900
39.663700
39.664200
39.665000
39.665100
39.665500
39.665800
39.666800
39.667500
39.670500
39.671100
39.674200
39.674900
39.675100
39.675300
39.675700
39.675700
39.675800
39.675900
39.676400
39.676400
39.676400
39.677400
39.677500
39.677800
39.678200
39.683000
39.684000
39.699500
39.702333
39.705333
39.710000
39.711167
39.728300
39.909500
39.943700
39.965500
39.970200
40.021100
40.023400
40.024400
40.034400
40.083500
40.085800
40.107200
40.110700
40.141334
40.198500
40.223833
40.231998
40.308333
40.310001
40.329334
40.330002
40.347000
40.403700
40.406167
40.411500
40.412833
40.425400
40.440498
40.462667
40.463667
40.464000
40.464167
40.464667
40.464833
40.492333
40.493167
40.560167
40.567000
40.709500
40.711000
40.711667
40.724998
40.729333
40.791167
40.871498
40.874668
40.951332
41.005167
41.446833
41.450833
41.792667
41.806333
41.807167
41.927500
41.929167
42.029800
42.182700
42.392833
42.445667
42.501100
43.372200
44.007667
44.251500
44.264600
44.274167
44.275833
44.277333
44.280667
44.281000
44.282167
44.282500
44.284300
44.289167
44.293500
44.295000
44.295000
44.296667
44.296700
44.296833
44.301000
44.301167
44.303500
44.303700
44.305000
44.305167
44.306500
44.310000
44.312000
44.313400
44.318333
44.321667
44.321833
44.325167
44.330167
44.346333
44.359167
44.361000
44.361833
44.363833
44.364167
44.365833
44.366167
44.367500
44.367667
44.369000
44.370000
44.373667
44.515667
44.526000
44.531167
44.539667
44.551000
44.582333
44.658333
44.669167
44.676333
44.720333
44.740167
44.769667
44.770167
44.802667
44.808667
45.005500
45.042000
45.097667
45.175000
45.186000
45.189333
45.219400
45.366000
45.687500
45.768500
45.944667
46.003833
46.003833
46.009500
46.019833
46.175500
46.197167
46.198667
46.237667
46.462833
46.720167
46.821333
46.854667
46.857833
46.858000
46.863667
46.873333
46.876500
46.876833
46.877833
46.879167
46.889000
46.894500
46.932000
46.942000
46.959667
47.006500
47.197667
47.255167
47.427166
47.551500
47.608000
47.673500
47.680000
47.683000
47.696167
47.731333
47.739000
47.887000
48.036333
48.064000
48.092667
48.131833
48.152667
48.155833
48.310333
48.320667
48.327667
48.596833
48.629667
48.705667
48.745667
48.893000
49.345833
49.401333
50.629900
51.601333
51.655667
51.742900
51.763500
51.852667
51.861833
51.886400
52.039500
52.047167
52.077667
52.082500
52.086000
52.088000
52.088333
52.092500
52.302833
52.340333
52.382167
52.484300
53.136500
53.287333
53.393600
53.416167
53.695667
53.854667
53.856833
53.860500
53.863000
53.863167
53.863833
53.864833
53.865333
53.866333
53.866333
53.866500
53.867000
53.867000
53.867500
53.867667
53.869167
53.869500
53.870167
53.873833
54.040400
54.081000
54.082000
54.086000
54.096167
54.146667
54.259600
54.589333
54.605167
54.618600
54.755100
54.758000
55.394833
55.510700
55.586200
55.975700
56.022900
56.031700
56.072400
56.231500
56.271000
56.888167
57.021500
57.029500
57.351500
57.425000
57.455500
57.475600
57.499400
57.590400
57.693100
57.752900
57.985600
58.092200
58.135833
58.160667
58.162500
58.162500
58.163000
58.163667
58.164333
58.167833
58.168333
58.169333
58.169500
58.180167
58.180500
58.181500
58.183500
58.184000
58.187500
58.194500
58.197000
58.201000
58.205500
58.210500
58.221333
58.226900
58.236333
58.238667
58.249167
58.249333
58.249833
58.259000
58.265167
58.265667
58.266500
58.268100
58.269667
58.271000
58.271667
58.273000
58.275167
58.282000
58.285700
58.287667
58.288333
58.288800
58.291833
58.292333
58.295333
58.304167
58.310000
58.321833
58.333100
58.340600
58.348833
58.355833
58.357667
58.364833
58.367100
58.367667
58.369500
58.370000
58.373833
58.376667
58.379833
58.381667
58.393333
58.416833
58.417333
58.419500
58.447500
58.455667
58.466167
58.468667
58.502400
58.504500
58.511167
58.526500
58.574800
58.577800
58.673900
59.056300
59.304300
59.305000
59.355300
59.363833
59.365000
59.367167
59.368333
59.371200
59.373333
59.435300
59.444800
59.449400
59.526400
59.543600
59.564700
59.599600
59.600900
59.661800
59.711400
59.724400
59.730700
59.751900
59.759600
59.764400
59.768100
59.776000
59.792100
59.811800
59.828000
59.853700
59.853800
59.862100
59.876200
59.905900
59.919600
59.920400
59.934000
59.941100
59.947300
59.951600
59.971900
59.992500
59.996300
59.997000
60.000100
60.001600
60.007100
60.007700
60.011100
60.033000
60.042800
60.046800
60.051800
60.052800
60.062100
60.092400
60.107700
60.114900
60.130600
60.136700
60.146400
60.163400
60.186000
60.186300
60.191100
60.192100
60.213800
60.222000
60.226200
60.231800
60.233200
60.250200
60.258500
60.274200
60.275900
60.280400
60.303700
60.306000
60.307000
60.310100
60.316100
60.331400
60.335100
60.336900
60.346000
60.358300
60.376700
60.395500
60.410500
60.410900
60.437800
60.440500
60.469667
60.470900
60.471800
60.474000
60.488600
60.540500
60.546300
60.564667
60.568100
60.573500
60.587900
60.606700
60.641600
60.646000
60.669200
60.720300
60.723300
60.738400
60.741900
60.744300
60.752100
60.803100
60.821800
60.829700
60.839300
60.851200
60.901600
60.920800
60.924500
60.925400
60.932400
60.933200
60.940700
60.943200
60.949300
60.950300
60.958000
61.000100
61.001500
61.034000
61.040700
61.041600
61.047500
61.048200
61.048500
61.053100
61.055100
61.055100
61.055900
61.061100
61.066400
61.072900
61.075700
61.079900
61.084700
61.094300
61.097700
61.115200
61.130200
61.130500
61.136300
61.150800
61.159800
61.163100
61.168300
61.182167
61.182600
61.201900
61.230600
61.235400
61.261000
61.261500
61.286400
61.294700
61.304300
61.311000
61.322800
61.337900
61.340100
61.348600
61.350700
61.364900
61.365200
61.371600
61.384000
61.388700
61.395200
61.404600
61.405300
61.407300
61.410100
61.415200
61.416000
61.443100
61.444500
61.454500
61.455800
61.464900
61.465800
61.468600
61.469300
61.481100
61.486300
61.496000
61.500700
61.503500
61.503700
61.515400
61.520500
61.528900
61.529500
61.530400
61.533300
61.542200
61.545200
61.549800
61.568400
61.568900
61.569300
61.570800
61.576100
61.577400
61.585300
61.609900
61.630100
61.639900
61.643300
61.653600
61.657700
61.698100
61.708000
61.710800
61.718500
61.724700
61.767700
61.774500
61.789600
61.805100
61.809500
61.809900
61.834800
61.865100
61.893900
61.906800
61.933000
61.933200
61.941700
61.947000
61.964700
61.969700
61.984600
62.001600
62.013800
62.028900
62.030000
62.041100
62.042900
62.054800
62.061800
62.070500
62.087800
62.106900
62.113300
62.115300
62.143300
62.147900
62.156900
62.158600
62.184200
62.185800
62.188900
62.192000
62.195400
62.196900
62.198900
62.201100
62.205200
62.221200
62.225300
62.229400
62.230600
62.241600
62.256300
62.274000
62.277100
62.324700
62.414500
62.483200
62.521600
62.526600
62.532300
62.550900
62.586600
62.587500
62.622500
62.628200
62.633700
62.638500
62.677100
62.688300
62.691600
62.695100
62.722600
62.758400
62.819400
62.821500
62.828600
62.843100
62.844100
62.881500
62.886900
62.897000
62.898500
62.901600
62.907200
62.913500
62.915100
62.932500
62.955700
62.971400
62.972200
62.980700
63.013200
63.019000
63.022000
63.024800
63.027300
63.031600
63.038500
63.039000
63.041500
63.048400
63.049800
63.068000
63.076000
63.077800
63.091200
63.094400
63.097300
63.104200
63.112300
63.118400
63.122200
63.148400
63.152900
63.159000
63.162900
63.169600
63.211100
63.211700
63.221400
63.226200
63.238300
63.243200
63.254000
63.255000
63.256200
63.257000
63.263300
63.263700
63.266800
63.267100
63.270600
63.276200
63.278300
63.280100
63.280800
63.281600
63.282200
63.284700
63.312000
63.312600
63.319900
63.335500
63.346600
63.352600
63.364100
63.368100
63.373400
63.380800
63.383700
63.422700
63.435800
63.450900
63.461100
63.479500
63.481200
63.481400
63.481500
63.493700
63.507800
63.536000
63.540600
63.552500
63.557400
63.561100
63.563100
63.563300
63.564200
63.568000
63.570700
63.577000
63.592300
63.810900
63.894100
63.935100
63.977500
64.098500
64.138500
64.243200
64.576200
64.577200
64.583200
64.599900
64.648100
64.673600
64.700200
64.716700
64.719300
64.725400
64.757400
64.799600
64.804400
64.814400
64.832600
64.844100
64.856500
64.912500
64.922100
64.925900
64.952300
64.966000
64.968800
64.973600
64.976700
64.977300
64.981300
64.986200
65.012300
65.013000
65.150200
65.174700
65.267200
65.320300
65.334200
65.405400
65.593700
65.697200
65.787900
65.907600
66.007300
66.192300
66.216600
66.235800
66.246300
66.266400
66.285400
66.303000
66.306500
66.313300
67.092400
67.112600
67.322200
68.420300
68.472300
68.507300
68.516500
68.695700
68.777600
68.898800
69.042300
69.055600
69.365200
69.372500
69.446500
69.475400
69.516800
73.847200
