-62.342800
-62.335700
-62.326500
-62.318800
-62.310000
-62.242700
-62.217800
-62.204900
-62.166300
-58.937700
-54.502200
-52.498500
-41.270900
-38.735900
-38.251400
-35.848000
-35.332400
-35.252000
-33.730100
-33.314100
-32.706900
-32.268400
-31.388900
-30.553600
-28.994000
-28.567600
-27.887300
-27.460200
-24.067900
-24.008500
-23.651700
-22.360300
-21.861800
-21.853700
-21.409500
-20.904300
-20.792300
-20.782800
-20.724700
-20.453300
-20.221600
-20.017000
-19.687500
-19.434800
-19.267000
-19.098200
-19.070800
-18.991900
-18.660400
-18.193700
-18.109200
-18.027800
-18.027600
-18.018600
-17.797800
-17.688800
-17.218600
-17.215500
-16.868400
-15.803400
-15.611400
-15.316600
-14.187400
-11.910100
-11.759600
-11.220600
-11.204100
-11.094400
-10.751800
-10.497100
-9.605300
-9.576200
-9.537000
-9.501200
-8.310100
-7.296900
-6.675800
-6.442200
-6.247200
-6.114000
-6.087100
-6.039200
-5.998700
-5.982200
-5.982000
-5.900400
-5.492600
-5.322400
-4.694200
-4.442000
-4.329000
-3.071200
-2.328000
-1.288400
-0.930600
0.347300
0.789500
2.102100
2.335400
3.126800
4.198800
4.779200
4.933200
6.549000
6.718800
7.969700
8.693900
9.559500
9.635900
9.709700
9.734600
9.763300
9.922100
9.968200
12.189300
12.402700
13.627300
14.700100
14.921000
15.965600
16.581800
17.639800
17.652000
17.813300
17.838900
17.843300
17.851300
17.869300
17.882800
17.882800
17.885300
17.895800
17.900100
17.900500
17.903800
17.912500
17.914000
17.914300
17.916300
17.916600
17.917500
17.918100
17.918800
17.919300
17.920300
17.920600
17.922100
17.922300
17.922800
17.923500
17.923800
17.924500
17.925100
17.925300
17.925600
17.926100
17.926100
17.926100
17.927000
17.927100
17.927500
17.928100
17.929000
17.929500
17.931000
17.932300
17.932600
17.933000
17.933300
17.934000
17.934500
17.934800
17.935500
17.936600
17.937000
17.938000
17.938500
17.940000
17.940000
17.940300
17.940500
17.941000
17.941500
17.941800
17.942100
17.942100
17.942300
17.943800
17.944300
17.944600
17.944800
17.945000
17.945100
17.945100
17.946500
17.946800
17.946800
17.947000
17.949500
17.950800
17.951600
17.952600
17.953000
17.954300
17.955000
17.956500
17.957600
17.959500
17.963000
17.963500
17.965100
17.967600
17.970600
17.977300
17.979300
17.980100
17.984000
17.994000
17.995600
18.000100
18.002800
18.008600
18.010000
18.018500
18.018600
18.024500
18.026300
18.028100
18.032600
18.034600
18.045100
18.053300
18.097000
18.120500
18.174000
18.286500
18.290400
18.331600
18.469500
18.709167
18.772800
18.852833
19.019667
19.030600
19.031700
19.058834
19.078500
19.121000
19.145666
19.153500
19.153833
19.154333
19.157000
19.158333
19.161167
19.162834
19.163000
19.165001
19.169666
19.171333
19.172333
19.173500
19.174000
19.175000
19.175167
19.176666
19.179500
19.180334
19.181168
19.181999
19.188168
19.192499
19.192833
19.194166
19.194666
19.200500
19.204166
19.204333
19.204334
19.212334
19.213167
19.214001
19.214001
19.214333
19.217333
19.217501
19.217833
19.220667
19.221001
19.222000
19.223000
19.223499
19.224667
19.226500
19.227667
19.229666
19.232500
19.236000
19.238001
19.239500
19.248501
19.257999
19.314300
19.321667
19.333333
19.334167
19.337500
19.339333
19.348333
19.371500
19.373000
19.373167
19.374667
19.379667
19.383333
19.383500
19.393167
19.396166
19.399166
19.401167
19.402833
19.403833
19.403833
19.406500
19.406666
19.407000
19.407333
19.407833
19.408333
19.409333
19.410166
19.411167
19.413167
19.413333
19.413666
19.414167
19.414333
19.415167
19.415833
19.416166
19.420000
19.421167
19.422333
19.427500
19.430000
19.431333
19.433666
19.439500
19.441000
19.456167
19.456333
19.456833
19.461500
19.475333
19.476667
19.481001
19.530500
19.533833
19.534667
19.543500
19.548333
19.551000
19.556167
19.785167
19.792833
19.793300
19.805833
19.871900
20.058667
23.420400
24.631600
25.643000
26.530300
26.566200
27.165800
27.884100
29.759300
31.417333
31.455667
31.495100
31.641000
31.657400
31.704000
31.709400
31.716600
31.732000
32.053333
32.101800
32.103500
32.104800
32.147167
32.201333
32.201667
32.351800
32.366000
32.596000
32.696167
32.748667
32.777000
32.864500
32.864667
32.910667
32.942000
32.943000
32.945333
32.945500
32.982833
32.985667
32.985667
32.987833
33.004333
33.007667
33.009333
33.009833
33.012000
33.013333
33.017000
33.017500
33.017667
33.018833
33.019500
33.023667
33.024500
33.028000
33.029833
33.030000
33.030167
33.031500
33.032667
33.033500
33.033667
33.034333
33.034500
33.035167
33.035333
33.035500
33.035500
33.035667
33.036500
33.036833
33.037000
33.037500
33.037500
33.037667
33.037667
33.037833
33.038167
33.038333
33.038500
33.038833
33.039000
33.039333
33.039833
33.040667
33.041833
33.042333
33.043333
33.043333
33.044000
33.044667
33.045000
33.045167
33.045667
33.045833
33.047000
33.047333
33.047333
33.048833
33.050000
33.051000
33.051000
33.054333
33.055000
33.055667
33.058167
33.059667
33.061000
33.064500
33.064667
33.070167
33.094167
33.097833
33.098833
33.135000
33.143167
33.148333
33.151500
33.152667
33.152833
33.153167
33.172500
33.175667
33.180000
33.182000
33.183333
33.184500
33.198833
33.210833
33.220667
33.228333
33.252500
33.337500
33.394167
33.423167
33.431333
33.446333
33.453167
33.472000
33.478500
33.481833
33.485500
33.491167
33.491833
33.492000
33.496167
33.497333
33.498000
33.498500
33.499833
33.500833
33.504833
33.506167
33.506333
33.507333
33.507667
33.507833
33.509500
33.539500
33.553500
33.583000
33.585167
33.589000
33.589667
33.589667
33.590000
33.591000
33.592333
33.592833
33.593000
33.593000
33.594333
33.595667
33.595667
33.596000
33.596500
33.599000
33.599833
33.602000
33.615333
33.616000
33.632333
33.632833
33.637500
33.640667
33.642500
33.645000
33.646167
33.651833
33.669833
33.670500
33.673833
33.674667
33.683333
33.683833
33.683833
33.685000
33.694500
33.700833
33.703000
33.709667
33.710000
33.710667
33.717333
33.718000
33.718500
33.721167
33.788500
33.794500
33.807667
33.832000
33.835667
33.839167
33.846167
33.861833
33.863667
33.863833
33.897000
33.903667
33.918167
33.938833
33.939500
33.940500
33.948500
33.958833
33.961000
33.961833
33.961833
33.963000
33.967500
33.971833
33.974000
33.975000
33.982167
33.984167
33.996667
34.001833
34.007333
34.010333
34.017833
34.024333
34.025333
34.032000
34.037667
34.046167
34.051833
34.052333
34.053500
34.100000
34.114333
34.143167
34.153300
34.171000
34.194167
34.203200
34.205167
34.210167
34.229500
34.230333
34.247000
34.269000
34.303600
34.304667
34.336667
34.354167
34.358333
34.360833
34.397000
34.446167
34.459667
34.481500
34.483833
34.499667
34.521500
34.548000
34.792833
34.841500
35.035500
35.036500
35.040000
35.048000
35.051667
35.080167
35.085667
35.097333
35.132000
35.268167
35.344500
35.347167
35.363167
35.382333
35.383833
35.385667
35.439800
35.460667
35.490500
35.544833
35.553667
35.558000
35.564000
35.579667
35.588667
35.588667
35.594167
35.594500
35.594833
35.599167
35.600333
35.600500
35.602000
35.606333
35.606333
35.612833
35.614833
35.615000
35.616167
35.617167
35.618667
35.628000
35.628333
35.628833
35.629167
35.630500
35.630833
35.634167
35.638833
35.640167
35.640833
35.641167
35.642333
35.643333
35.646833
35.647167
35.647833
35.648500
35.648500
35.649500
35.649500
35.649833
35.650500
35.651167
35.651833
35.652500
35.653167
35.653500
35.654500
35.654833
35.655000
35.655000
35.658833
35.662833
35.663167
35.664500
35.667333
35.667333
35.668000
35.668167
35.668500
35.668667
35.668833
35.669000
35.669667
35.671500
35.673833
35.674000
35.679667
35.679667
35.680833
35.686167
35.686500
35.687167
35.687667
35.688333
35.690333
35.691167
35.691167
35.691500
35.693333
35.703667
35.706000
35.710833
35.712333
35.712833
35.715167
35.715667
35.721800
35.722333
35.727167
35.728667
35.731500
35.733000
35.733333
35.736333
35.737167
35.737333
35.737667
35.743833
35.744833
35.751833
35.754167
35.758500
35.759333
35.760667
35.765500
35.776667
35.779500
35.780167
35.782000
35.783000
35.786167
35.786333
35.792667
35.795000
35.796500
35.800167
35.801000
35.806667
35.813333
35.814833
35.817333
35.819833
35.823833
35.824000
35.824667
35.840333
35.848000
35.852833
35.860000
35.861167
35.861167
35.861500
35.862667
35.863167
35.863333
35.863667
35.863833
35.864500
35.864833
35.864833
35.865000
35.867500
35.868000
35.868333
35.868500
35.869167
35.869500
35.870167
35.871833
35.872667
35.873000
35.873167
35.875000
35.875000
35.877500
35.878000
35.878500
35.878667
35.880333
35.880333
35.882167
35.885000
35.885667
35.886333
35.887500
35.887667
35.888667
35.889000
35.889000
35.889167
35.889333
35.889500
35.889833
35.889833
35.890500
35.891000
35.891000
35.891167
35.891167
35.891500
35.893000
35.893000
35.893167
35.894667
35.896167
35.902000
35.902500
35.902667
35.903333
35.905000
35.907167
35.910000
35.911833
35.914500
35.918167
35.922833
35.927833
35.929500
35.934500
35.938000
35.945833
35.947167
35.950000
35.955667
35.973333
35.973500
35.976167
35.976167
35.977333
35.977833
35.978000
35.982333
35.986500
35.991000
36.000000
36.004167
36.013167
36.016333
36.020000
36.021000
36.021167
36.022667
36.023833
36.029167
36.032833
36.038833
36.041833
36.043167
36.045000
36.049333
36.065333
36.070167
36.082500
36.085833
36.088000
36.090167
36.101167
36.101833
36.104833
36.105000
36.106000
36.106333
36.106667
36.107333
36.107500
36.108333
36.123833
36.127167
36.130667
36.132667
36.135333
36.138667
36.150167
36.170833
36.182500
36.198667
36.209167
36.211667
36.214667
36.222500
36.226167
36.240667
36.246000
36.273667
36.276167
36.296833
36.297167
36.310300
36.348833
36.349500
36.353333
36.354667
36.355000
36.355833
36.356667
36.356667
36.356833
36.357667
36.359500
36.362167
36.362833
36.364667
36.365167
36.366000
36.366000
36.374500
36.425000
36.426167
36.427000
36.427833
36.428167
36.429167
36.429833
36.430500
36.430667
36.430833
36.431333
36.431333
36.431500
36.432833
36.436500
36.440500
36.441500
36.443000
36.443333
36.446500
36.448333
36.448833
36.452000
36.460333
36.462333
36.465500
36.470500
36.470833
36.473167
36.474667
36.475500
36.478167
36.478833
36.480333
36.480667
36.480667
36.482500
36.483000
36.486667
36.491167
36.493500
36.494000
36.494167
36.494500
36.494833
36.499000
36.516333
36.519000
36.519833
36.520500
36.523333
36.523500
36.524500
36.524833
36.525000
36.525167
36.525333
36.525500
36.525500
36.525500
36.525500
36.525667
36.526000
36.526167
36.526667
36.526833
36.527000
36.527167
36.527167
36.527500
36.528000
36.529833
36.530333
36.530500
36.531000
36.531333
36.531333
36.532000
36.533000
36.535333
36.561333
36.563333
36.565500
36.569333
36.570667
36.587700
36.607500
36.608334
36.611667
36.612667
36.648998
36.651667
36.656333
36.668667
36.691333
36.700700
36.712500
36.714900
36.728333
36.732667
36.741000
36.742200
36.753333
36.753333
36.758000
36.761500
36.764167
36.766667
36.775200
36.838667
36.852200
36.906333
36.915333
36.929000
36.964667
36.983002
36.988167
37.020200
37.051000
37.068333
37.132167
37.140333
37.159000
37.245900
37.287000
37.288833
37.297500
37.317667
37.335833
37.413333
37.425500
37.431167
37.440333
37.442500
37.451333
37.469667
37.475833
37.478167
37.480500
37.482167
37.483833
37.487000
37.487833
37.493167
37.494000
37.495167
37.496667
37.498333
37.527833
37.529167
37.533000
37.538333
37.573333
37.589500
37.597667
37.604833
37.607333
37.616000
37.616333
37.619833
37.620833
37.621667
37.625333
37.628200
37.629833
37.632833
37.633667
37.633833
37.634833
37.635833
37.636000
37.636333
37.636333
37.637667
37.637667
37.638000
37.638833
37.638833
37.638833
37.640167
37.640667
37.641000
37.642167
37.644500
37.645833
37.655500
37.656833
37.659000
37.667999
37.679700
37.709333
37.730667
37.753167
37.802500
37.858167
37.972700
38.001000
38.011000
38.036200
38.038000
38.040667
38.041000
38.042333
38.046167
38.061700
38.068700
38.068800
38.070833
38.100500
38.105300
38.105400
38.112700
38.115200
38.115700
38.116700
38.120200
38.123200
38.123700
38.123800
38.124300
38.124500
38.125200
38.126300
38.126700
38.127700
38.129200
38.129300
38.130300
38.130800
38.131200
38.133000
38.133700
38.133800
38.134500
38.135500
38.136300
38.137300
38.137800
38.138000
38.138000
38.138100
38.138200
38.138400
38.138500
38.138500
38.139200
38.139500
38.140300
38.141000
38.141300
38.141300
38.141500
38.142000
38.142200
38.142300
38.142600
38.142800
38.142800
38.143200
38.143300
38.143500
38.143800
38.144300
38.144700
38.144700
38.145400
38.145800
38.146800
38.146800
38.146900
38.147200
38.147200
38.147800
38.148000
38.148200
38.149200
38.149500
38.149500
38.149700
38.149900
38.150100
38.150300
38.150700
38.150800
38.150800
38.151000
38.151100
38.151500
38.151700
38.152300
38.152300
38.152500
38.152500
38.153200
38.153300
38.155500
38.156000
38.156300
38.156700
38.156900
38.157500
38.158200
38.158300
38.159200
38.159500
38.159700
38.159800
38.160000
38.160300
38.161000
38.161700
38.161700
38.162000
38.162300
38.162700
38.162800
38.162800
38.162800
38.163000
38.163300
38.164300
38.164300
38.164800
38.165000
38.165000
38.165000
38.165300
38.165300
38.165300
38.165500
38.165500
38.165500
38.165700
38.165700
38.165800
38.166200
38.167200
38.167300
38.167300
38.168000
38.168500
38.168700
38.169300
38.169500
38.170200
38.170300
38.170800
38.172300
38.172700
38.173300
38.173500
38.174000
38.174000
38.174800
38.175100
38.175700
38.175800
38.176100
38.176200
38.176500
38.176500
38.177200
38.177300
38.177500
38.178200
38.178800
38.179200
38.180000
38.180800
38.180800
38.181000
38.182300
38.182500
38.183200
38.184500
38.184700
38.185700
38.186200
38.186200
38.186500
38.186800
38.187200
38.188700
38.189000
38.189000
38.189300
38.190500
38.191300
38.191500
38.191700
38.191800
38.192200
38.192500
38.192500
38.193200
38.193300
38.193800
38.194000
38.195400
38.196300
38.197200
38.197800
38.198300
38.198800
38.199700
38.199700
38.200300
38.200500
38.200700
38.201200
38.201300
38.202300
38.202700
38.202700
38.204200
38.204700
38.204700
38.204800
38.205000
38.205800
38.205800
38.211300
38.211700
38.212200
38.215200
38.222000
38.230300
38.230300
38.233300
38.234500
38.257500
38.257500
38.277200
38.278200
38.281000
38.282500
38.283833
38.393300
38.420000
38.476501
38.478167
38.480000
38.480167
38.480333
38.480500
38.481167
38.481333
38.481333
38.481333
38.481500
38.481667
38.481667
38.481667
38.481833
38.481833
38.482000
38.482000
38.482000
38.482167
38.482167
38.482167
38.482333
38.482500
38.482667
38.483000
38.483167
38.483167
38.483333
38.483500
38.484500
38.484500
38.484667
38.484833
38.485500
38.485667
38.488167
38.489333
38.489833
38.490167
38.499500
38.501167
38.516833
38.596667
38.606000
38.606667
38.614500
38.645200
38.649167
38.656500
38.658167
38.658200
38.670300
38.672165
38.674300
38.678333
38.687167
38.688200
38.692000
38.692800
38.692900
38.694900
38.696100
38.697900
38.699600
38.700700
38.700900
38.701800
38.702700
38.732498
38.737000
38.741167
38.742000
38.744667
38.751500
38.751667
38.753500
38.753833
38.755500
38.759998
38.762167
38.764500
38.764668
38.769665
38.771667
38.772333
38.773167
38.773499
38.773499
38.777500
38.777832
38.779499
38.781166
38.781666
38.782600
38.784168
38.784168
38.786000
38.786499
38.786667
38.787334
38.787334
38.787498
38.789501
38.789665
38.791332
38.792000
38.794667
38.796501
38.797333
38.797667
38.798333
38.799000
38.799168
38.799500
38.799999
38.800335
38.800499
38.801834
38.801998
38.803165
38.803333
38.804833
38.804833
38.805167
38.806000
38.806000
38.806332
38.806667
38.806833
38.806835
38.807499
38.807667
38.807833
38.808000
38.808498
38.808998
38.809000
38.809166
38.809502
38.809834
38.809834
38.810001
38.810333
38.810501
38.810833
38.811333
38.811501
38.811833
38.812000
38.812667
38.812833
38.813167
38.813168
38.813499
38.813667
38.814333
38.814835
38.815498
38.815498
38.816834
38.817501
38.817665
38.818001
38.818667
38.819832
38.820000
38.820167
38.820333
38.820499
38.820667
38.820999
38.821335
38.821335
38.821335
38.821667
38.821667
38.821667
38.822166
38.822498
38.822498
38.823502
38.823833
38.824001
38.824165
38.824165
38.824167
38.824333
38.825167
38.825667
38.825832
38.825833
38.826000
38.826168
38.826332
38.826333
38.826500
38.826668
38.827331
38.827999
38.828167
38.828167
38.828499
38.828667
38.830500
38.831665
38.832001
38.832001
38.832832
38.832833
38.833000
38.833000
38.833168
38.833332
38.833333
38.833500
38.833500
38.833668
38.833832
38.834000
38.834000
38.834500
38.834667
38.835167
38.835499
38.835500
38.835667
38.835667
38.835833
38.836498
38.836666
38.836834
38.837333
38.838833
38.839500
38.839668
38.839668
38.839668
38.840000
38.840168
38.840668
38.840832
38.841000
38.842167
38.843334
38.844002
38.852000
38.863700
38.881700
38.921665
38.994833
39.119600
39.182300
39.193000
39.263167
39.333167
39.335000
39.336200
39.337600
39.346833
39.356333
39.356333
39.356500
39.357167
39.357500
39.358167
39.358500
39.359000
39.359333
39.359500
39.359667
39.359900
39.360333
39.360667
39.361333
39.361667
39.362167
39.362667
39.362667
39.363167
39.364000
39.364167
39.364167
39.364333
39.364500
39.364500
39.364500
39.364667
39.364667
39.364833
39.365000
39.366333
39.367000
39.367667
39.368167
39.368167
39.368667
39.399600
39.405000
39.406900
39.407300
39.413500
39.417400
39.436900
39.483500
39.485833
39.495200
39.578200
39.579800
39.609667
39.618500
39.640600
39.729500
39.742900
39.795800
39.804900
39.824600
39.827333
39.873800
39.881200
39.886300
39.890200
39.911500
39.914333
39.915667
39.916500
39.917833
39.920700
39.922167
39.924000
39.938000
39.960700
39.965700
39.970900
40.007500
40.010800
40.058000
40.087000
40.091000
40.097400
40.097400
40.121300
40.209500
40.290500
40.304500
40.376167
40.383700
40.421000
40.466667
40.468500
40.569333
40.711833
40.712000
40.712500
40.713167
40.717667
40.725833
40.728167
40.730167
40.732500
40.757500
40.760000
40.777667
40.856667
41.338333
41.349833
41.437000
41.443667
41.445000
41.465833
41.467500
41.478900
41.486600
41.507200
41.738667
41.769667
41.814000
41.875833
41.916833
41.919333
42.408333
42.428000
42.430000
42.434000
42.435167
42.448667
42.576167
42.611000
43.171500
43.283900
43.435500
43.638400
43.733167
43.764100
43.791300
44.035500
44.107800
44.120200
44.135300
44.212833
44.247667
44.259667
44.270167
44.273833
44.275167
44.280500
44.282500
44.285000
44.288167
44.290000
44.291333
44.292667
44.293167
44.295800
44.300833
44.301333
44.301667
44.308500
44.314667
44.320833
44.326500
44.337167
44.340000
44.344900
44.359600
44.364833
44.365500
44.370000
44.372000
44.374800
44.378833
44.383900
44.434500
44.442000
44.455167
44.455667
44.478500
44.479333
44.508833
44.520333
44.522000
44.540667
44.557000
44.557333
44.562833
44.563167
44.564833
44.578500
44.589833
44.639000
44.668833
44.673833
44.681667
44.694000
44.733167
44.733667
44.734167
44.736167
44.736333
44.737500
44.738333
44.742167
44.742667
44.743167
44.764167
44.772167
44.782500
45.553500
45.556833
45.689333
45.850833
45.859000
45.877000
45.883167
45.930000
45.991100
46.004500
46.014167
46.095833
46.194667
46.196500
46.197333
46.202667
46.231300
46.232000
46.236000
46.236333
46.237333
46.243167
46.291000
46.309000
46.350500
46.396833
46.397167
46.466000
46.588833
46.661667
46.724667
46.767167
46.845167
46.845333
46.847333
46.847333
46.849833
46.853500
46.854167
46.854333
46.854833
46.862667
46.869167
46.878000
46.897167
46.900667
46.952833
46.967333
47.024833
47.136000
47.265333
47.432667
47.493000
47.527667
47.569167
47.643667
47.648500
47.696000
47.704833
47.712000
47.733500
47.740500
47.748000
47.838500
47.887500
47.897667
47.925300
47.987500
48.124000
48.222167
48.279667
48.321167
48.456833
48.692167
49.365667
50.323500
50.710200
51.037000
51.085700
51.126400
51.152600
51.260600
51.295900
51.300000
51.302200
51.325800
51.392600
51.408300
51.409100
51.429800
51.434700
51.473900
51.477400
51.500900
51.531200
51.554700
51.580500
51.583800
51.594600
51.680600
51.686900
51.761800
51.785900
51.862667
51.871500
51.915400
51.950667
51.996200
52.057700
52.087400
52.104833
52.172700
52.181700
52.210700
52.265500
52.288667
52.328700
52.331667
52.367000
52.605700
52.617400
52.697100
52.718400
52.721800
52.730900
52.756700
52.815000
52.870300
52.908600
53.478100
53.494900
53.559000
53.582500
53.635100
53.703300
53.733300
53.805300
53.848333
53.853333
53.861100
53.863000
53.866000
53.866000
53.866500
53.867833
53.870167
53.885900
53.982000
54.029833
54.094700
54.140000
54.140500
54.143167
54.144667
54.145333
54.177600
54.197400
54.276600
54.290300
54.317300
54.319700
54.438500
54.481900
54.569100
54.608900
54.619700
54.654400
54.655000
54.679700
54.679800
54.692000
54.720400
54.728100
54.735200
54.745800
54.755500
54.810900
54.812400
54.830800
54.837300
54.844400
54.863300
54.868800
54.874200
54.883000
54.897600
54.902000
54.903300
54.919400
54.987000
55.038500
55.529000
55.866500
56.066667
56.309700
56.315667
56.516200
56.683600
56.836000
56.857900
56.864400
56.888600
57.127200
57.143600
57.152300
57.351900
57.374200
57.472200
57.493300
57.556500
57.742100
57.852000
57.868000
57.952300
57.983800
57.984100
58.051100
58.085200
58.093167
58.164500
58.164800
58.168700
58.172833
58.176833
58.178200
58.184333
58.185167
58.185900
58.192500
58.224000
58.231667
58.233333
58.233667
58.238333
58.239000
58.239500
58.239833
58.243500
58.246000
58.258167
58.258600
58.267000
58.271800
58.273167
58.288900
58.290500
58.294100
58.296667
58.302500
58.416833
58.453200
58.455300
58.488333
58.502400
58.505667
58.542700
58.701800
58.739400
58.742300
58.762100
58.807300
58.860500
58.884800
58.935000
58.960000
59.024600
59.228200
59.233700
59.256200
59.295600
59.299900
59.315500
59.360500
59.362833
59.414400
59.484900
59.595800
59.618500
59.635000
59.660300
59.660900
59.702600
59.702700
59.783800
59.798400
59.799700
59.801800
59.832600
59.875100
59.886300
59.906700
59.908100
59.910600
59.927300
59.950400
59.963600
59.993500
59.994100
60.001500
60.008200
60.027500
60.029400
60.036500
60.041500
60.046000
60.076400
60.077500
60.097100
60.108900
60.110600
60.123800
60.128400
60.133100
60.138000
60.138800
60.150800
60.155900
60.157400
60.161800
60.168700
60.174000
60.174100
60.193300
60.194000
60.196000
60.203000
60.203500
60.218200
60.237300
60.246000
60.249800
60.258300
60.268600
60.312000
60.378300
60.392900
60.424600
60.427700
60.456600
60.458900
60.474100
60.474900
60.495400
60.503600
60.523000
60.523800
60.528333
60.529333
60.531400
60.537800
60.545800
60.554100
60.569400
60.613400
60.625000
60.634200
60.646200
60.654700
60.691200
60.727100
60.727400
60.729700
60.732900
60.801000
60.807600
60.823000
60.839900
60.860800
60.881900
60.999100
61.024700
61.025600
61.027500
61.036500
61.042900
61.050600
61.055800
61.061400
61.062700
61.063400
61.076300
61.078000
61.078900
61.080500
61.097700
61.098300
61.103400
61.106100
61.106500
61.116300
61.124400
61.126800
61.127700
61.147300
61.149700
61.153500
61.172300
61.214700
61.222700
61.228400
61.231700
61.242300
61.253000
61.264900
61.297000
61.301700
61.301700
61.327800
61.333300
61.333400
61.341000
61.347700
61.369400
61.375200
61.378200
61.392600
61.396600
61.401000
61.404400
61.406300
61.414700
61.419100
61.422400
61.427500
61.433300
61.435000
61.436000
61.438100
61.438700
61.439200
61.441000
61.454800
61.460800
61.465100
61.484000
61.489500
61.490800
61.492000
61.494100
61.495100
61.505800
61.506400
61.516300
61.520600
61.522600
61.529800
61.545100
61.552200
61.574200
61.601800
61.622400
61.624700
61.630000
61.634600
61.642800
61.643100
61.645800
61.647100
61.664300
61.667500
61.668800
61.670600
61.677700
61.693700
61.703700
61.726900
61.731900
61.741200
61.797300
61.800800
61.809800
61.816500
61.819700
61.872800
61.882200
61.883600
61.908800
61.931333
61.979700
62.015000
62.017400
62.017700
62.018000
62.023167
62.025333
62.033000
62.034800
62.041700
62.042167
62.060300
62.062700
62.066800
62.076400
62.089700
62.118700
62.118800
62.121000
62.138700
62.149600
62.181900
62.183700
62.215000
62.253200
62.256600
62.265700
62.267700
62.268700
62.270200
62.289500
62.314000
62.317500
62.324800
62.330800
62.337500
62.347800
62.354500
62.386300
62.396700
62.422900
62.468800
62.526100
62.527700
62.562400
62.607000
62.609900
62.644600
62.665200
62.715700
62.716900
62.727200
62.749500
62.750600
62.764300
62.771500
62.782300
62.796100
62.814800
62.815300
62.845400
62.899200
62.903900
62.918500
62.941900
62.954700
62.991200
63.000100
63.007000
63.008900
63.015300
63.016400
63.019000
63.019200
63.020300
63.022900
63.029400
63.031900
63.033000
63.033500
63.046000
63.055400
63.056500
63.057700
63.063000
63.071300
63.075900
63.080100
63.083900
63.085000
63.093600
63.104200
63.109000
63.133600
63.134000
63.144300
63.148300
63.171100
63.172900
63.177400
63.179600
63.184400
63.191000
63.200500
63.204500
63.215900
63.225700
63.235200
63.237900
63.257000
63.257400
63.262200
63.267000
63.277400
63.279900
63.302400
63.324400
63.328000
63.343800
63.345000
63.350500
63.381800
63.388000
63.400000
63.407200
63.435900
63.439300
63.453700
63.454900
63.464400
63.469500
63.469600
63.506400
63.507100
63.520200
63.528100
63.532200
63.534500
63.542800
63.559200
63.566200
63.572200
63.573400
63.574000
63.602500
63.676100
63.707200
63.731600
63.889200
63.915100
63.923600
63.931000
64.007300
64.038300
64.283100
64.320500
64.393500
64.416200
64.502100
64.515600
64.516300
64.521300
64.521700
64.530700
64.533100
64.548200
64.585800
64.594600
64.635200
64.635600
64.641400
64.644600
64.657500
64.659800
64.665200
64.670700
64.705400
64.727500
64.737900
64.876800
64.879700
64.889100
64.954300
64.969500
64.975700
64.992000
65.005000
65.021200
65.037600
65.079200
65.216100
65.224300
65.397200
65.399700
65.400400
65.409300
65.471300
65.481100
65.495100
65.691700
65.946600
66.056900
66.091600
66.226100
66.244600
66.250700
66.253500
66.261000
66.262700
66.285900
66.290800
66.299100
66.324000
66.328700
66.341600
66.343400
66.344000
66.770100
67.144300
67.234900
67.252900
67.260500
67.262600
67.351000
67.373500
67.462800
67.581700
68.532700
68.541700
68.557100
68.563200
68.697000
69.391500
69.403100
69.410400
69.416500
69.418500
69.538800
69.563000
69.588500
69.613900
71.628900
