-62.483400
-62.368100
-62.355700
-62.344100
-62.342800
-62.335700
-62.326500
-62.318800
-62.310000
-62.242700
-62.217800
-62.204900
-62.166300
-59.505100
-58.937700
-54.626700
-54.502200
-52.498500
-41.270900
-38.735900
-38.251400
-35.848000
-35.332400
-35.252000
-34.023900
-33.730100
-33.314100
-32.706900
-32.268400
-31.734500
-31.617900
-31.576600
-31.526500
-31.494300
-31.415000
-31.388900
-31.357000
-31.178100
-30.553600
-30.548300
-28.994000
-28.879100
-28.567600
-28.558400
-28.281400
-27.887300
-27.460200
-27.291800
-26.927000
-26.161800
-25.567500
-25.040800
-24.360200
-24.079700
-24.067900
-24.008500
-23.948900
-23.651700
-23.324600
-23.210000
-23.105000
-22.528100
-22.360300
-22.070800
-21.939900
-21.928600
-21.861800
-21.853700
-21.409500
-21.173400
-20.913200
-20.904300
-20.810400
-20.809100
-20.792300
-20.782800
-20.724700
-20.453300
-20.221600
-20.017000
-19.687500
-19.511100
-19.434800
-19.328700
-19.299800
-19.267000
-19.098200
-19.096400
-19.070800
-18.991900
-18.660400
-18.193700
-18.109200
-18.091600
-18.027800
-18.027600
-18.018600
-17.797800
-17.688800
-17.218600
-17.215500
-17.030600
-16.868400
-16.630900
-16.582500
-16.481800
-16.462200
-15.803400
-15.611400
-15.316600
-15.186600
-15.000200
-14.948800
-14.187400
-11.910100
-11.759600
-11.656600
-11.220600
-11.204100
-11.094400
-10.751800
-10.497100
-9.821300
-9.605300
-9.576200
-9.537000
-9.501200
-8.320900
-8.310100
-7.791200
-7.623900
-7.530100
-7.340800
-7.296900
-7.150900
-7.089700
-6.675800
-6.564200
-6.442200
-6.247200
-6.114000
-6.087100
-6.081000
-6.039200
-6.036400
-5.998700
-5.982200
-5.982000
-5.965700
-5.900400
-5.824300
-5.492600
-5.344800
-5.322400
-4.943400
-4.902200
-4.776300
-4.694200
-4.442000
-4.424200
-4.329000
-3.897200
-3.682600
-3.421600
-3.393400
-3.312200
-3.261500
-3.248400
-3.227200
-3.071200
-2.328000
-2.217500
-1.340900
-1.288400
-0.930600
-0.488100
0.347300
0.789500
1.542800
1.794700
2.102100
2.335400
2.522800
3.126800
3.946000
4.198800
4.506900
4.596300
4.779200
4.933200
5.230300
6.501700
6.549000
6.718800
6.785700
7.227600
7.969700
8.115300
8.693900
9.559500
9.635900
9.709700
9.734600
9.763300
9.772100
9.922100
9.968200
10.452900
10.786200
10.871200
11.151300
11.316400
11.441200
12.189300
12.402700
13.122500
13.338100
13.627300
13.665100
13.931300
14.008400
14.551600
14.623700
14.653200
14.697900
14.700100
14.795800
14.837300
14.854100
14.893300
14.921000
14.936300
15.030600
15.072900
15.121000
15.302200
15.492500
15.598400
15.965600
16.581800
17.188800
17.359600
17.505900
17.639800
17.652000
17.813300
17.838900
17.843300
17.843800
17.848000
17.851300
17.860100
17.861800
17.862600
17.869300
17.880100
17.880300
17.882800
17.882800
17.883600
17.884000
17.885300
17.889300
17.895600
17.895800
17.900100
17.900500
17.901300
17.902800
17.903800
17.907600
17.912500
17.912600
17.914000
17.914000
17.914300
17.915300
17.916300
17.916300
17.916600
17.917500
17.917600
17.918100
17.918100
17.918800
17.919300
17.920000
17.920300
17.920600
17.921600
17.921600
17.922100
17.922100
17.922300
17.922800
17.923500
17.923800
17.924500
17.924500
17.925100
17.925100
17.925300
17.925600
17.925800
17.926100
17.926100
17.926100
17.927000
17.927100
17.927500
17.927500
17.928100
17.928300
17.928300
17.928500
17.929000
17.929500
17.929500
17.931000
17.931100
17.931500
17.932000
17.932000
17.932300
17.932600
17.932800
17.933000
17.933300
17.934000
17.934100
17.934500
17.934800
17.935100
17.935500
17.935800
17.936000
17.936000
17.936000
17.936600
17.937000
17.937100
17.937500
17.938000
17.938000
17.938500
17.938600
17.939100
17.939300
17.939600
17.939600
17.940000
17.940000
17.940000
17.940300
17.940500
17.940500
17.941000
17.941500
17.941800
17.941800
17.941800
17.942100
17.942100
17.942100
17.942300
17.943800
17.944100
17.944300
17.944500
17.944600
17.944800
17.944800
17.945000
17.945100
17.945100
17.945100
17.945300
17.945500
17.945500
17.945600
17.946300
17.946500
17.946800
17.946800
17.947000
17.947300
17.949500
17.950800
17.950800
17.951500
17.951600
17.952600
17.953000
17.953100
17.954300
17.955000
17.956500
17.957100
17.957300
17.957600
17.958300
17.958600
17.959100
17.959500
17.959500
17.960500
17.961300
17.962300
17.963000
17.963500
17.963600
17.964800
17.965100
17.966000
17.966500
17.966600
17.967600
17.968100
17.969500
17.970500
17.970600
17.972300
17.973800
17.976300
17.977300
17.978100
17.979300
17.980100
17.984000
17.985600
17.994000
17.995600
17.996100
18.000100
18.002600
18.002800
18.003500
18.005300
18.008600
18.010000
18.017600
18.018500
18.018600
18.020000
18.023600
18.024500
18.026300
18.028100
18.028600
18.031100
18.032600
18.033800
18.034600
18.035600
18.045100
18.053300
18.097000
18.120500
18.136100
18.174000
18.181100
18.187800
18.216300
18.268100
18.286500
18.290400
18.308100
18.331600
18.469500
18.504600
18.539300
18.709167
18.713800
18.772800
18.852833
18.899666
19.005501
19.019667
19.030600
19.031700
19.058834
19.078500
19.109333
19.118334
19.121000
19.124001
19.145666
19.147499
19.152000
19.153500
19.153833
19.154333
19.154833
19.154833
19.155000
19.155167
19.156334
19.157000
19.157167
19.158167
19.158333
19.158667
19.159666
19.160999
19.161167
19.162500
19.162834
19.163000
19.163666
19.163666
19.164167
19.164667
19.165001
19.166500
19.167166
19.168167
19.169333
19.169666
19.171333
19.172333
19.173500
19.174000
19.175000
19.175167
19.175333
19.176666
19.176834
19.177500
19.179500
19.179501
19.180334
19.181168
19.181999
19.184000
19.184834
19.187166
19.188000
19.188168
19.188499
19.189167
19.189501
19.190666
19.192499
19.192833
19.194166
19.194666
19.195999
19.200500
19.201166
19.201334
19.202333
19.202833
19.204166
19.204333
19.204334
19.205334
19.205999
19.206167
19.206333
19.208166
19.209499
19.209999
19.211834
19.212000
19.212334
19.212833
19.213167
19.214001
19.214001
19.214333
19.214333
19.214333
19.215000
19.215166
19.215833
19.216000
19.216333
19.217167
19.217333
19.217501
19.217833
19.217833
19.220667
19.221001
19.221333
19.222000
19.223000
19.223333
19.223499
19.224167
19.224667
19.225166
19.226166
19.226500
19.226833
19.226999
19.227667
19.229166
19.229666
19.230000
19.230667
19.230833
19.231667
19.232500
19.235167
19.235666
19.236000
19.236000
19.236000
19.236834
19.238001
19.239500
19.239500
19.239500
19.240167
19.240667
19.248501
19.257999
19.314300
19.320000
19.321667
19.330833
19.333333
19.333333
19.334167
19.336833
19.337500
19.338667
19.339333
19.341333
19.348333
19.348500
19.349200
19.356333
19.360666
19.364500
19.370001
19.371500
19.372499
19.373000
19.373167
19.373501
19.374667
19.376167
19.377001
19.378166
19.379333
19.379667
19.383333
19.383500
19.389668
19.393167
19.395000
19.396166
19.399166
19.399166
19.399334
19.400833
19.401167
19.401833
19.401833
19.402000
19.402500
19.402500
19.402833
19.402834
19.403833
19.403833
19.406500
19.406666
19.406834
19.407000
19.407333
19.407833
19.408333
19.409333
19.410166
19.411167
19.412001
19.412333
19.413167
19.413333
19.413666
19.413666
19.414167
19.414333
19.415167
19.415833
19.416166
19.417999
19.418667
19.419167
19.419500
19.420000
19.420000
19.421167
19.422333
19.422333
19.424833
19.427500
19.430000
19.430333
19.431333
19.433666
19.439167
19.439500
19.441000
19.455500
19.456167
19.456333
19.456833
19.460333
19.461500
19.463499
19.474667
19.475333
19.476667
19.478167
19.481001
19.484667
19.486500
19.490667
19.492666
19.506834
19.530500
19.533833
19.534667
19.543500
19.548333
19.551000
19.556167
19.785167
19.792833
19.793300
19.805833
19.853700
19.871900
20.058667
20.081167
23.262100
23.420400
24.474800
24.631600
25.643000
26.530300
26.566200
27.165800
27.395800
27.884100
28.563800
29.455400
29.612000
29.759300
30.132400
31.369500
31.417333
31.455667
31.495100
31.617400
31.641000
31.644900
31.657400
31.697000
31.704000
31.709400
31.716600
31.732000
31.748400
31.894167
31.938400
32.053333
32.101800
32.103500
32.104800
32.147167
32.201333
32.201667
32.351800
32.366000
32.394501
32.401600
32.428167
32.429667
32.433166
32.436833
32.454833
32.459167
32.482500
32.593667
32.596000
32.668833
32.696167
32.748667
32.749667
32.751333
32.753000
32.777000
32.832000
32.837167
32.862500
32.864333
32.864500
32.864667
32.866000
32.871500
32.897833
32.898833
32.901333
32.903167
32.910667
32.916667
32.919500
32.920333
32.921500
32.923167
32.923333
32.924833
32.925333
32.926333
32.926500
32.927333
32.942000
32.943000
32.945333
32.945500
32.975333
32.982833
32.985667
32.985667
32.987833
33.004333
33.007667
33.009333
33.009833
33.010833
33.011667
33.012000
33.013333
33.017000
33.017500
33.017667
33.018833
33.019500
33.020833
33.023667
33.024500
33.028000
33.029833
33.030000
33.030167
33.030667
33.031333
33.031500
33.032667
33.033500
33.033667
33.034333
33.034500
33.035167
33.035333
33.035500
33.035500
33.035667
33.036500
33.036833
33.037000
33.037500
33.037500
33.037667
33.037667
33.037833
33.038167
33.038333
33.038500
33.038667
33.038833
33.039000
33.039333
33.039833
33.040667
33.041833
33.042333
33.043333
33.043333
33.044000
33.044667
33.045000
33.045167
33.045667
33.045833
33.047000
33.047333
33.047333
33.047667
33.047833
33.048667
33.048833
33.050000
33.051000
33.051000
33.052333
33.053333
33.054333
33.055000
33.055167
33.055667
33.056000
33.056167
33.056333
33.057500
33.058167
33.059333
33.059667
33.059833
33.061000
33.061833
33.064500
33.064667
33.066667
33.070167
33.071500
33.076667
33.090500
33.094167
33.097833
33.098833
33.110500
33.110500
33.111167
33.116000
33.119000
33.119500
33.120667
33.131000
33.132667
33.135000
33.140333
33.143167
33.143167
33.148333
33.151500
33.152667
33.152833
33.153167
33.158167
33.160667
33.164333
33.164667
33.169500
33.170333
33.172167
33.172500
33.172833
33.173167
33.175667
33.176500
33.180000
33.181833
33.182000
33.183333
33.184500
33.194833
33.197500
33.198833
33.204500
33.210667
33.210833
33.220667
33.228333
33.229000
33.234833
33.249667
33.252500
33.263333
33.264333
33.289500
33.293333
33.297000
33.313333
33.318667
33.321333
33.334833
33.337500
33.338667
33.340500
33.345833
33.375833
33.377333
33.382833
33.385500
33.386000
33.390667
33.394167
33.416000
33.423167
33.431333
33.446333
33.453167
33.467000
33.472000
33.473667
33.475667
33.478333
33.478500
33.481500
33.481667
33.481833
33.484167
33.485500
33.485667
33.487833
33.488100
33.491167
33.491167
33.491833
33.491833
33.492000
33.492167
33.492500
33.495000
33.496167
33.496667
33.497333
33.497500
33.498000
33.498500
33.499833
33.500167
33.500833
33.504833
33.506167
33.506333
33.507333
33.507667
33.507833
33.509500
33.511667
33.514000
33.518833
33.526333
33.529667
33.539500
33.539667
33.549167
33.553500
33.554667
33.561833
33.583000
33.583500
33.585167
33.588167
33.588167
33.589000
33.589667
33.589667
33.589667
33.590000
33.590000
33.591000
33.592333
33.592500
33.592833
33.593000
33.593000
33.593000
33.594333
33.594667
33.594667
33.594833
33.595000
33.595500
33.595667
33.595667
33.595667
33.595833
33.595833
33.596000
33.596000
33.596500
33.596500
33.596500
33.596833
33.597167
33.597833
33.598667
33.599000
33.599667
33.599833
33.600167
33.600500
33.600833
33.602000
33.602833
33.604667
33.615333
33.616000
33.621300
33.629000
33.631833
33.632333
33.632833
33.632833
33.633500
33.637500
33.640333
33.640500
33.640667
33.640667
33.642167
33.642500
33.645000
33.646167
33.647500
33.650333
33.651833
33.665667
33.666000
33.669833
33.670500
33.670500
33.671333
33.673833
33.674667
33.675167
33.677500
33.677667
33.681500
33.683333
33.683833
33.683833
33.683833
33.684167
33.685000
33.685167
33.686667
33.687833
33.692333
33.694500
33.700833
33.703000
33.709500
33.709667
33.709667
33.710000
33.710667
33.717333
33.717667
33.718000
33.718500
33.718833
33.721167
33.723667
33.728833
33.729167
33.760333
33.763833
33.772500
33.775167
33.788500
33.794500
33.803500
33.806500
33.806833
33.807667
33.811000
33.820167
33.828000
33.832000
33.835667
33.836833
33.839167
33.846167
33.846833
33.850833
33.861833
33.863667
33.863833
33.875667
33.888500
33.893300
33.897000
33.903667
33.905000
33.907833
33.914000
33.918167
33.920833
33.931833
33.935667
33.937667
33.937833
33.938000
33.938833
33.939500
33.940500
33.943333
33.948000
33.948500
33.954000
33.956333
33.956667
33.958833
33.961000
33.961833
33.961833
33.963000
33.967500
33.971833
33.974000
33.974000
33.975000
33.981500
33.982167
33.982333
33.984167
33.994833
33.996667
33.997667
33.997833
33.998167
34.001833
34.007333
34.008167
34.008333
34.010333
34.012667
34.013667
34.016833
34.017833
34.024333
34.025333
34.032000
34.037667
34.038667
34.045500
34.046167
34.047167
34.051833
34.052000
34.052333
34.052500
34.053500
34.059167
34.076667
34.091333
34.100000
34.112667
34.114333
34.132333
34.141333
34.143167
34.152333
34.153300
34.161167
34.171000
34.180500
34.194167
34.197167
34.199833
34.201667
34.203200
34.205167
34.207833
34.210167
34.214167
34.225833
34.229500
34.230333
34.247000
34.269000
34.270500
34.300500
34.303600
34.304667
34.308167
34.332667
34.333667
34.336667
34.338667
34.354167
34.358333
34.360833
34.361333
34.363833
34.386833
34.397000
34.398667
34.401500
34.446167
34.458667
34.459667
34.481500
34.482667
34.483833
34.499667
34.500833
34.505333
34.521500
34.548000
34.618667
34.637000
34.792833
34.808000
34.811333
34.831500
34.841500
34.945500
34.968000
34.988667
34.998500
35.034500
35.034833
35.035500
35.036500
35.037833
35.040000
35.048000
35.051667
35.052500
35.062833
35.078667
35.080167
35.081667
35.085667
35.085667
35.086333
35.094833
35.096000
35.096333
35.096500
35.097167
35.097333
35.097333
35.098833
35.099333
35.101667
35.114500
35.120667
35.132000
35.160167
35.182800
35.213667
35.216333
35.230667
35.261333
35.268167
35.278333
35.318167
35.321333
35.344500
35.347167
35.360667
35.363167
35.366833
35.373500
35.379833
35.382333
35.383833
35.385667
35.386900
35.414667
35.439800
35.446700
35.460667
35.485000
35.490500
35.501000
35.501333
35.506100
35.509500
35.527833
35.529333
35.531400
35.540333
35.544833
35.553667
35.558000
35.561300
35.564000
35.569100
35.569167
35.579667
35.588667
35.588667
35.592600
35.593167
35.593167
35.594167
35.594500
35.594833
35.599167
35.599333
35.600333
35.600500
35.600833
35.602000
35.605333
35.605667
35.606333
35.606333
35.611000
35.612500
35.612667
35.612833
35.612835
35.614833
35.615000
35.615500
35.616000
35.616167
35.617167
35.617667
35.618667
35.628000
35.628000
35.628000
35.628333
35.628833
35.629167
35.629833
35.630500
35.630833
35.633500
35.634167
35.635500
35.638833
35.640167
35.640400
35.640667
35.640833
35.641167
35.642333
35.643333
35.644167
35.645000
35.646833
35.647167
35.647833
35.648500
35.648500
35.649500
35.649500
35.649667
35.649833
35.649833
35.650500
35.651167
35.651667
35.651667
35.651833
35.652500
35.653167
35.653500
35.654500
35.654833
35.655000
35.655000
35.658833
35.659500
35.661333
35.661667
35.661667
35.662833
35.663167
35.663667
35.664167
35.664500
35.667000
35.667000
35.667333
35.667333
35.667667
35.668000
35.668167
35.668500
35.668500
35.668667
35.668667
35.668833
35.668833
35.668833
35.669000
35.669667
35.670000
35.670500
35.670667
35.671500
35.672333
35.673167
35.673833
35.674000
35.675667
35.676000
35.676500
35.677333
35.677500
35.677833
35.679500
35.679667
35.679667
35.680000
35.680333
35.680833
35.681500
35.681667
35.682500
35.683667
35.683833
35.684333
35.684500
35.686167
35.686500
35.687167
35.687500
35.687667
35.688333
35.690167
35.690333
35.690833
35.691167
35.691167
35.691500
35.693333
35.699167
35.703667
35.706000
35.706333
35.710833
35.712167
35.712333
35.712833
35.713500
35.715167
35.715667
35.715833
35.718333
35.719667
35.721800
35.722333
35.722667
35.727167
35.728667
35.731500
35.733000
35.733333
35.736333
35.736667
35.737167
35.737333
35.737667
35.742833
35.743833
35.744333
35.744833
35.748333
35.751333
35.751833
35.754167
35.754500
35.754833
35.758333
35.758500
35.758667
35.759000
35.759333
35.760500
35.760667
35.762000
35.765500
35.765500
35.769500
35.773000
35.773167
35.774333
35.775167
35.776667
35.779167
35.779500
35.780167
35.782000
35.783000
35.783333
35.786167
35.786333
35.787000
35.792667
35.793000
35.794833
35.795000
35.795500
35.795667
35.796500
35.796667
35.797167
35.797333
35.798000
35.798667
35.800000
35.800000
35.800167
35.800833
35.801000
35.801667
35.805500
35.805500
35.806667
35.807500
35.808500
35.810833
35.813333
35.814833
35.814833
35.815167
35.816167
35.817333
35.819500
35.819833
35.823500
35.823667
35.823833
35.824000
35.824500
35.824667
35.831000
35.834167
35.836167
35.838000
35.840333
35.840333
35.848000
35.849833
35.852833
35.854833
35.855000
35.856000
35.856667
35.856833
35.857833
35.857833
35.858667
35.859167
35.859333
35.859667
35.860000
35.860500
35.860667
35.861000
35.861167
35.861167
35.861167
35.861500
35.861500
35.862167
35.862333
35.862667
35.863167
35.863333
35.863500
35.863667
35.863833
35.864167
35.864500
35.864833
35.864833
35.864833
35.865000
35.865000
35.866833
35.867500
35.868000
35.868333
35.868500
35.869167
35.869167
35.869500
35.870167
35.870167
35.871333
35.871833
35.872667
35.872667
35.873000
35.873167
35.873667
35.874167
35.874667
35.875000
35.875000
35.877500
35.877667
35.878000
35.878000
35.878000
35.878167
35.878500
35.878667
35.880000
35.880333
35.880333
35.880500
35.882167
35.883333
35.885000
35.885667
35.886333
35.887000
35.887333
35.887500
35.887667
35.887833
35.888667
35.888667
35.889000
35.889000
35.889000
35.889167
35.889167
35.889333
35.889500
35.889667
35.889833
35.889833
35.890167
35.890500
35.890833
35.891000
35.891000
35.891167
35.891167
35.891500
35.893000
35.893000
35.893167
35.894167
35.894667
35.895667
35.896167
35.899667
35.899833
35.902000
35.902500
35.902667
35.903167
35.903333
35.905000
35.905167
35.906167
35.906667
35.906667
35.907000
35.907000
35.907167
35.909000
35.909333
35.909333
35.910000
35.911000
35.911000
35.911833
35.912500
35.912500
35.914167
35.914500
35.915167
35.916000
35.918167
35.922833
35.926833
35.927833
35.929500
35.934200
35.934500
35.938000
35.943000
35.944000
35.945833
35.946000
35.947167
35.948000
35.950000
35.955667
35.958667
35.963000
35.972667
35.973333
35.973500
35.974000
35.975333
35.976167
35.976167
35.976333
35.977333
35.977833
35.978000
35.978667
35.980999
35.982333
35.983500
35.986061
35.986500
35.988667
35.991000
35.991000
35.992167
35.993667
36.000000
36.004167
36.012501
36.013167
36.016333
36.020000
36.021000
36.021167
36.022667
36.022833
36.023833
36.025665
36.026333
36.026833
36.027167
36.027833
36.028333
36.029167
36.029333
36.029667
36.032833
36.033833
36.038833
36.041833
36.043167
36.045000
36.049333
36.065333
36.066000
36.067833
36.068333
36.070167
36.071333
36.072333
36.081667
36.082500
36.083833
36.085833
36.086500
36.088000
36.090167
36.101167
36.101333
36.101833
36.103833
36.104667
36.104833
36.105000
36.106000
36.106333
36.106500
36.106667
36.107333
36.107500
36.107667
36.108333
36.112667
36.117500
36.121167
36.122500
36.122667
36.123833
36.123833
36.125167
36.125500
36.127167
36.127167
36.130667
36.131333
36.132333
36.132667
36.135333
36.137333
36.138667
36.141500
36.150000
36.150167
36.151500
36.156667
36.158333
36.162333
36.168833
36.170833
36.179300
36.180000
36.182500
36.195499
36.198667
36.199300
36.209167
36.211000
36.211667
36.214667
36.222500
36.223333
36.226167
36.233166
36.240667
36.246000
36.248302
36.269000
36.273667
36.276167
36.295833
36.296833
36.297167
36.297167
36.310300
36.313833
36.314333
36.327833
36.345000
36.348833
36.349500
36.353333
36.354667
36.355000
36.355333
36.355833
36.356667
36.356667
36.356833
36.357333
36.357667
36.358500
36.359167
36.359500
36.360167
36.360333
36.362167
36.362833
36.363833
36.364333
36.364667
36.365167
36.365833
36.366000
36.366000
36.367667
36.374500
36.404333
36.408333
36.417500
36.420333
36.423000
36.424835
36.425000
36.426167
36.427000
36.427833
36.428167
36.429167
36.429833
36.430000
36.430500
36.430667
36.430833
36.431333
36.431333
36.431500
36.432833
36.436500
36.437200
36.437667
36.438833
36.439500
36.439833
36.440500
36.440500
36.441000
36.441500
36.443000
36.443333
36.446335
36.446500
36.448333
36.448833
36.452000
36.452833
36.455500
36.457000
36.458167
36.458667
36.459833
36.459833
36.460333
36.460667
36.462333
36.465167
36.465333
36.465500
36.465500
36.467500
36.470500
36.470833
36.472167
36.473167
36.473333
36.474167
36.474667
36.475500
36.478167
36.478833
36.479833
36.480333
36.480667
36.480667
36.480667
36.481667
36.482500
36.482964
36.483000
36.485667
36.485833
36.486667
36.491167
36.493500
36.494000
36.494167
36.494500
36.494667
36.494833
36.496333
36.499000
36.510000
36.512000
36.513667
36.514700
36.516000
36.516333
36.519000
36.519833
36.520500
36.523333
36.523500
36.523833
36.524500
36.524833
36.525000
36.525167
36.525333
36.525500
36.525500
36.525500
36.525500
36.525667
36.526000
36.526167
36.526667
36.526833
36.527000
36.527167
36.527167
36.527500
36.528000
36.529833
36.530333
36.530500
36.531000
36.531333
36.531333
36.532000
36.533000
36.535333
36.540000
36.561333
36.563333
36.565500
36.567667
36.569333
36.570667
36.574333
36.587700
36.607500
36.608334
36.611667
36.612667
36.619667
36.624668
36.635600
36.641400
36.644833
36.648998
36.651667
36.654500
36.654833
36.656333
36.660333
36.668667
36.670800
36.679001
36.684700
36.691333
36.694833
36.699001
36.700700
36.712500
36.714900
36.715000
36.728333
36.732667
36.735667
36.738500
36.741000
36.742200
36.748500
36.753333
36.753333
36.758000
36.759500
36.761500
36.764167
36.766667
36.775200
36.838667
36.850500
36.852200
36.859665
36.860001
36.866978
36.875332
36.883833
36.888554
36.906333
36.907300
36.915333
36.929000
36.937668
36.962333
36.962833
36.964667
36.965667
36.976666
36.977001
36.983002
36.988167
37.007167
37.011800
37.020200
37.051000
37.057500
37.068333
37.097167
37.132167
37.132500
37.136000
37.138300
37.140333
37.159000
37.187832
37.206000
37.241800
37.245900
37.247000
37.258499
37.274900
37.286000
37.287000
37.288833
37.297500
37.317667
37.334667
37.335833
37.337700
37.374001
37.384500
37.390333
37.413333
37.415600
37.425500
37.431167
37.440333
37.442500
37.445200
37.451333
37.457500
37.460500
37.468000
37.469667
37.475833
37.477667
37.478167
37.480500
37.481167
37.482167
37.483833
37.487000
37.487833
37.488833
37.490667
37.492832
37.493167
37.494000
37.494833
37.495167
37.495499
37.495833
37.496500
37.496667
37.498333
37.498333
37.498833
37.499168
37.500332
37.503667
37.509167
37.514000
37.516667
37.523833
37.527833
37.529167
37.533000
37.536500
37.538333
37.544167
37.547500
37.548332
37.573333
37.574000
37.580500
37.588167
37.589500
37.591500
37.597667
37.598667
37.603000
37.604833
37.606833
37.607333
37.609833
37.611333
37.611500
37.613998
37.616000
37.616333
37.616333
37.617667
37.619833
37.620500
37.620500
37.620833
37.621667
37.624333
37.625333
37.627000
37.627667
37.628200
37.628833
37.629833
37.630165
37.630167
37.630333
37.631333
37.631667
37.631667
37.632667
37.632833
37.633000
37.633167
37.633500
37.633500
37.633667
37.633667
37.633833
37.634000
37.634833
37.635000
37.635833
37.636000
37.636000
37.636167
37.636167
37.636167
37.636333
37.636333
37.636333
37.636500
37.637333
37.637501
37.637667
37.637667
37.637667
37.637833
37.638000
37.638167
37.638333
37.638500
37.638833
37.638833
37.638833
37.639167
37.639833
37.640167
37.640667
37.641000
37.641000
37.641000
37.642167
37.642333
37.643333
37.644500
37.645000
37.645833
37.648333
37.649000
37.652333
37.655333
37.655500
37.656833
37.657667
37.659000
37.659167
37.659333
37.659500
37.659833
37.660333
37.667999
37.679700
37.687800
37.709333
37.715000
37.730667
37.738833
37.753167
37.786667
37.791832
37.802500
37.858167
37.872833
37.874000
37.876167
37.884666
37.888668
37.889332
37.949800
37.972700
38.001000
38.011000
38.018700
38.036200
38.038000
38.040500
38.040667
38.041000
38.041332
38.042333
38.046167
38.049700
38.050700
38.052700
38.055200
38.061700
38.068700
38.068800
38.069300
38.070700
38.070833
38.076200
38.082167
38.095300
38.096500
38.100500
38.101200
38.101800
38.102800
38.105300
38.105400
38.106333
38.106800
38.110000
38.110200
38.112700
38.112900
38.113200
38.114500
38.114900
38.115200
38.115700
38.116700
38.116800
38.117000
38.120000
38.120200
38.120500
38.120800
38.122800
38.123200
38.123700
38.123800
38.124300
38.124500
38.124700
38.125200
38.125200
38.125300
38.126300
38.126300
38.126700
38.126800
38.126800
38.127000
38.127400
38.127700
38.129000
38.129200
38.129300
38.130000
38.130300
38.130300
38.130800
38.131200
38.131200
38.131200
38.132000
38.133000
38.133700
38.133800
38.134300
38.134500
38.134500
38.135200
38.135500
38.136000
38.136300
38.136300
38.136300
38.136800
38.137000
38.137000
38.137300
38.137500
38.137700
38.137700
38.137800
38.137800
38.137800
38.138000
38.138000
38.138000
38.138100
38.138200
38.138300
38.138300
38.138400
38.138500
38.138500
38.138700
38.139200
38.139500
38.140300
38.140700
38.140900
38.141000
38.141300
38.141300
38.141500
38.142000
38.142000
38.142000
38.142200
38.142300
38.142600
38.142700
38.142800
38.142800
38.142800
38.143200
38.143300
38.143500
38.143500
38.143800
38.143800
38.144000
38.144300
38.144300
38.144700
38.144700
38.145300
38.145400
38.145700
38.145700
38.145700
38.145700
38.145800
38.146800
38.146800
38.146900
38.147000
38.147200
38.147200
38.147300
38.147300
38.147800
38.148000
38.148000
38.148200
38.148200
38.148700
38.148700
38.148800
38.149100
38.149200
38.149300
38.149500
38.149500
38.149500
38.149700
38.149900
38.150000
38.150100
38.150200
38.150200
38.150300
38.150300
38.150500
38.150700
38.150700
38.150800
38.150800
38.151000
38.151100
38.151500
38.151700
38.151700
38.151800
38.152000
38.152000
38.152000
38.152200
38.152300
38.152300
38.152300
38.152500
38.152500
38.153200
38.153200
38.153200
38.153300
38.153300
38.153300
38.153500
38.153700
38.154000
38.154000
38.154300
38.155300
38.155300
38.155500
38.155700
38.156000
38.156300
38.156500
38.156500
38.156700
38.156700
38.156900
38.157000
38.157500
38.157700
38.158000
38.158200
38.158300
38.158300
38.159000
38.159200
38.159200
38.159500
38.159700
38.159800
38.159800
38.160000
38.160300
38.160500
38.160700
38.160800
38.160800
38.160800
38.160800
38.161000
38.161200
38.161300
38.161500
38.161500
38.161500
38.161500
38.161700
38.161700
38.161700
38.161800
38.162000
38.162000
38.162200
38.162200
38.162200
38.162300
38.162700
38.162800
38.162800
38.162800
38.162800
38.163000
38.163000
38.163300
38.163300
38.163300
38.163500
38.163700
38.163700
38.164300
38.164300
38.164300
38.164500
38.164500
38.164700
38.164700
38.164700
38.164800
38.165000
38.165000
38.165000
38.165200
38.165200
38.165300
38.165300
38.165300
38.165300
38.165500
38.165500
38.165500
38.165700
38.165700
38.165700
38.165800
38.165800
38.166200
38.166200
38.166200
38.166300
38.166500
38.167000
38.167200
38.167300
38.167300
38.167500
38.167700
38.168000
38.168200
38.168500
38.168700
38.168700
38.168700
38.168900
38.169000
38.169200
38.169300
38.169500
38.169700
38.169700
38.170000
38.170200
38.170300
38.170300
38.170700
38.170700
38.170800
38.171000
38.171100
38.171200
38.171300
38.171300
38.171700
38.171800
38.171800
38.172000
38.172300
38.172300
38.172300
38.172500
38.172700
38.172700
38.173167
38.173300
38.173500
38.173700
38.174000
38.174000
38.174300
38.174500
38.174800
38.175100
38.175200
38.175300
38.175300
38.175500
38.175700
38.175700
38.175800
38.175900
38.176100
38.176200
38.176300
38.176300
38.176500
38.176500
38.177200
38.177200
38.177200
38.177300
38.177300
38.177300
38.177300
38.177500
38.177800
38.178200
38.178800
38.179000
38.179200
38.179200
38.179200
38.179500
38.180000
38.180000
38.180300
38.180300
38.180500
38.180800
38.180800
38.180833
38.180900
38.181000
38.181300
38.181700
38.181700
38.181800
38.182300
38.182300
38.182500
38.183200
38.183200
38.183500
38.184000
38.184000
38.184500
38.184500
38.184700
38.184700
38.184800
38.185000
38.185200
38.185400
38.185500
38.185700
38.185700
38.186200
38.186200
38.186500
38.186700
38.186800
38.187200
38.188200
38.188600
38.188700
38.188700
38.189000
38.189000
38.189000
38.189300
38.189800
38.190300
38.190500
38.190500
38.190700
38.191300
38.191300
38.191500
38.191700
38.191700
38.191700
38.191800
38.192200
38.192300
38.192500
38.192500
38.193000
38.193200
38.193300
38.193300
38.193500
38.193800
38.194000
38.195400
38.196200
38.196200
38.196300
38.196800
38.197200
38.197800
38.197800
38.197800
38.197800
38.197800
38.198200
38.198300
38.198800
38.199700
38.199700
38.200300
38.200300
38.200500
38.200700
38.201000
38.201200
38.201300
38.201700
38.202300
38.202300
38.202500
38.202700
38.202700
38.202800
38.203300
38.204200
38.204700
38.204700
38.204800
38.205000
38.205300
38.205700
38.205800
38.205800
38.208500
38.210000
38.210800
38.211300
38.211300
38.211700
38.211800
38.212000
38.212200
38.214000
38.215200
38.215700
38.217700
38.218200
38.222000
38.228200
38.230300
38.230300
38.233300
38.234500
38.238200
38.247700
38.256700
38.257500
38.257500
38.277200
38.278200
38.281000
38.282500
38.283833
38.286200
38.343200
38.349000
38.363800
38.393000
38.393300
38.411200
38.411200
38.411600
38.420000
38.420300
38.458200
38.476501
38.478167
38.480000
38.480167
38.480333
38.480500
38.481167
38.481333
38.481333
38.481333
38.481500
38.481667
38.481667
38.481667
38.481833
38.481833
38.482000
38.482000
38.482000
38.482167
38.482167
38.482167
38.482333
38.482500
38.482667
38.483000
38.483167
38.483167
38.483333
38.483500
38.484500
38.484500
38.484667
38.484833
38.485500
38.485667
38.487167
38.488167
38.489167
38.489333
38.489833
38.490167
38.490500
38.490667
38.491833
38.492000
38.493167
38.493500
38.499500
38.501167
38.516833
38.544000
38.545000
38.558834
38.566000
38.569667
38.571300
38.574500
38.577000
38.582500
38.585833
38.596667
38.606000
38.606667
38.611800
38.614500
38.621333
38.643333
38.645200
38.649167
38.656500
38.657500
38.658167
38.658200
38.670300
38.672165
38.674300
38.678333
38.687167
38.687200
38.688200
38.692000
38.692800
38.692900
38.694900
38.696100
38.697900
38.699600
38.700700
38.700900
38.701800
38.702700
38.707667
38.732498
38.737000
38.740600
38.741100
38.741167
38.742000
38.744335
38.744667
38.751500
38.751667
38.753500
38.753833
38.755500
38.756168
38.757832
38.759998
38.762167
38.764332
38.764500
38.764668
38.766834
38.768333
38.769665
38.769833
38.771667
38.772333
38.772835
38.773167
38.773499
38.773499
38.773666
38.776165
38.776165
38.777500
38.777832
38.778300
38.778667
38.778999
38.779499
38.781166
38.781666
38.782501
38.782600
38.784168
38.784168
38.784668
38.784832
38.785832
38.786000
38.786499
38.786499
38.786667
38.787334
38.787334
38.787498
38.788834
38.789501
38.789501
38.789665
38.789833
38.791332
38.792000
38.792499
38.794667
38.795334
38.795502
38.796501
38.797333
38.797667
38.798333
38.799000
38.799168
38.799500
38.799835
38.799835
38.799999
38.799999
38.800335
38.800335
38.800499
38.800999
38.801167
38.801334
38.801666
38.801834
38.801998
38.802666
38.802834
38.803001
38.803165
38.803165
38.803165
38.803333
38.803333
38.803333
38.803665
38.804501
38.804668
38.804833
38.804833
38.805167
38.805168
38.805668
38.806000
38.806000
38.806000
38.806000
38.806168
38.806332
38.806332
38.806667
38.806667
38.806833
38.806835
38.807167
38.807499
38.807667
38.807667
38.807667
38.807833
38.807835
38.807999
38.807999
38.808000
38.808498
38.808498
38.808666
38.808834
38.808834
38.808998
38.809000
38.809166
38.809502
38.809502
38.809666
38.809834
38.809834
38.809834
38.810001
38.810001
38.810001
38.810001
38.810165
38.810333
38.810501
38.810833
38.810833
38.811165
38.811333
38.811501
38.811832
38.811833
38.812000
38.812000
38.812332
38.812667
38.812668
38.812833
38.813167
38.813168
38.813499
38.813667
38.814333
38.814499
38.814835
38.815498
38.815498
38.815666
38.815834
38.816502
38.816834
38.817001
38.817501
38.817501
38.817665
38.817833
38.818001
38.818500
38.818667
38.818668
38.818668
38.818832
38.819168
38.819500
38.819832
38.820000
38.820167
38.820332
38.820333
38.820499
38.820667
38.820667
38.820835
38.820999
38.821167
38.821335
38.821335
38.821335
38.821499
38.821499
38.821667
38.821667
38.821667
38.822166
38.822498
38.822498
38.822666
38.822666
38.823166
38.823334
38.823502
38.823502
38.823833
38.824001
38.824165
38.824165
38.824167
38.824333
38.824333
38.825001
38.825167
38.825667
38.825832
38.825833
38.826000
38.826168
38.826168
38.826168
38.826332
38.826333
38.826500
38.826667
38.826668
38.827168
38.827331
38.827499
38.827835
38.827999
38.828167
38.828167
38.828499
38.828499
38.828667
38.828667
38.828834
38.828834
38.830500
38.830666
38.831001
38.831333
38.831333
38.831333
38.831665
38.831665
38.831833
38.831833
38.832001
38.832001
38.832165
38.832165
38.832165
38.832668
38.832832
38.832832
38.832833
38.833000
38.833000
38.833000
38.833168
38.833168
38.833332
38.833332
38.833332
38.833332
38.833333
38.833500
38.833500
38.833668
38.833832
38.834000
38.834000
38.834000
38.834167
38.834499
38.834499
38.834500
38.834667
38.834667
38.834667
38.834835
38.834999
38.835167
38.835167
38.835167
38.835335
38.835499
38.835500
38.835667
38.835667
38.835833
38.835999
38.835999
38.835999
38.836166
38.836166
38.836498
38.836498
38.836498
38.836666
38.836834
38.836834
38.837002
38.837166
38.837333
38.837502
38.837666
38.838001
38.838665
38.838833
38.838833
38.838833
38.839333
38.839500
38.839668
38.839668
38.839668
38.839668
38.839668
38.839832
38.840000
38.840168
38.840168
38.840500
38.840668
38.840668
38.840832
38.841000
38.841000
38.841167
38.841167
38.842167
38.842835
38.842999
38.843334
38.843334
38.843498
38.843834
38.844002
38.849333
38.852000
38.863700
38.874333
38.881700
38.900300
38.921665
38.921833
38.961333
38.986000
38.994833
39.009600
39.023900
39.040333
39.047000
39.049800
39.114800
39.119600
39.127800
39.164665
39.182300
39.187000
39.193000
39.197000
39.199000
39.202100
39.209333
39.214800
39.229800
39.230200
39.231300
39.263167
39.290833
39.333167
39.335000
39.336200
39.337600
39.346833
39.354100
39.356333
39.356333
39.356500
39.357167
39.357500
39.358167
39.358500
39.358666
39.359000
39.359000
39.359333
39.359500
39.359667
39.359900
39.360333
39.360667
39.361333
39.361667
39.361832
39.362000
39.362167
39.362667
39.362667
39.363167
39.364000
39.364167
39.364167
39.364333
39.364500
39.364500
39.364500
39.364666
39.364666
39.364667
39.364667
39.364833
39.365000
39.365501
39.366333
39.367000
39.367500
39.367667
39.368167
39.368167
39.368667
39.374168
39.380165
39.394000
39.399600
39.404500
39.405000
39.405900
39.406900
39.407300
39.408300
39.409333
39.413500
39.417400
39.418700
39.422000
39.432333
39.436900
39.462300
39.483500
39.485833
39.495200
39.505333
39.537800
39.565300
39.578200
39.579800
39.585900
39.595100
39.599900
39.600400
39.609667
39.618500
39.618668
39.623000
39.640600
39.652900
39.663700
39.664200
39.665000
39.665100
39.665500
39.665800
39.666800
39.667500
39.670500
39.671100
39.674200
39.674900
39.675100
39.675300
39.675700
39.675700
39.675800
39.675900
39.676400
39.676400
39.676400
39.677400
39.677500
39.677800
39.678200
39.683000
39.684000
39.699500
39.702333
39.705333
39.710000
39.711167
39.728300
39.729500
39.742900
39.795800
39.804900
39.824600
39.827333
39.873800
39.881200
39.886300
39.890200
39.909500
39.911500
39.914333
39.915667
39.916500
39.917833
39.920700
39.922167
39.924000
39.938000
39.943700
39.960700
39.965500
39.965700
39.970200
39.970900
40.007500
40.010800
40.021100
40.023400
40.024400
40.034400
40.058000
40.083500
40.085800
40.087000
40.091000
40.097400
40.097400
40.107200
40.110700
40.121300
40.141334
40.198500
40.209500
40.223833
40.231998
40.290500
40.304500
40.308333
40.310001
40.329334
40.330002
40.347000
40.376167
40.383700
40.403700
40.406167
40.411500
40.412833
40.421000
40.425400
40.440498
40.462667
40.463667
40.464000
40.464167
40.464667
40.464833
40.466667
40.468500
40.492333
40.493167
40.560167
40.567000
40.569333
40.709500
40.711000
40.711667
40.711833
40.712000
40.712500
40.713167
40.717667
40.724998
40.725833
40.728167
40.729333
40.730167
40.732500
40.757500
40.760000
40.777667
40.791167
40.856667
40.871498
40.874668
40.951332
41.005167
41.338333
41.349833
41.437000
41.443667
41.445000
41.446833
41.450833
41.465833
41.467500
41.478900
41.486600
41.507200
41.738667
41.769667
41.792667
41.806333
41.807167
41.814000
41.875833
41.916833
41.919333
41.927500
41.929167
42.029800
42.182700
42.392833
42.408333
42.428000
42.430000
42.434000
42.435167
42.445667
42.448667
42.501100
42.576167
42.611000
43.171500
43.283900
43.372200
43.435500
43.638400
43.733167
43.764100
43.791300
44.007667
44.035500
44.107800
44.120200
44.135300
44.212833
44.247667
44.251500
44.259667
44.264600
44.270167
44.273833
44.274167
44.275167
44.275833
44.277333
44.280500
44.280667
44.281000
44.282167
44.282500
44.282500
44.284300
44.285000
44.288167
44.289167
44.290000
44.291333
44.292667
44.293167
44.293500
44.295000
44.295000
44.295800
44.296667
44.296700
44.296833
44.300833
44.301000
44.301167
44.301333
44.301667
44.303500
44.303700
44.305000
44.305167
44.306500
44.308500
44.310000
44.312000
44.313400
44.314667
44.318333
44.320833
44.321667
44.321833
44.325167
44.326500
44.330167
44.337167
44.340000
44.344900
44.346333
44.359167
44.359600
44.361000
44.361833
44.363833
44.364167
44.364833
44.365500
44.365833
44.366167
44.367500
44.367667
44.369000
44.370000
44.370000
44.372000
44.373667
44.374800
44.378833
44.383900
44.434500
44.442000
44.455167
44.455667
44.478500
44.479333
44.508833
44.515667
44.520333
44.522000
44.526000
44.531167
44.539667
44.540667
44.551000
44.557000
44.557333
44.562833
44.563167
44.564833
44.578500
44.582333
44.589833
44.639000
44.658333
44.668833
44.669167
44.673833
44.676333
44.681667
44.694000
44.720333
44.733167
44.733667
44.734167
44.736167
44.736333
44.737500
44.738333
44.740167
44.742167
44.742667
44.743167
44.764167
44.769667
44.770167
44.772167
44.782500
44.802667
44.808667
45.005500
45.042000
45.097667
45.175000
45.186000
45.189333
45.219400
45.366000
45.553500
45.556833
45.687500
45.689333
45.768500
45.850833
45.859000
45.877000
45.883167
45.930000
45.944667
45.991100
46.003833
46.003833
46.004500
46.009500
46.014167
46.019833
46.095833
46.175500
46.194667
46.196500
46.197167
46.197333
46.198667
46.202667
46.231300
46.232000
46.236000
46.236333
46.237333
46.237667
46.243167
46.291000
46.309000
46.350500
46.396833
46.397167
46.462833
46.466000
46.588833
46.661667
46.720167
46.724667
46.767167
46.821333
46.845167
46.845333
46.847333
46.847333
46.849833
46.853500
46.854167
46.854333
46.854667
46.854833
46.857833
46.858000
46.862667
46.863667
46.869167
46.873333
46.876500
46.876833
46.877833
46.878000
46.879167
46.889000
46.894500
46.897167
46.900667
46.932000
46.942000
46.952833
46.959667
46.967333
47.006500
47.024833
47.136000
47.197667
47.255167
47.265333
47.427166
47.432667
47.493000
47.527667
47.551500
47.569167
47.608000
47.643667
47.648500
47.673500
47.680000
47.683000
47.696000
47.696167
47.704833
47.712000
47.731333
47.733500
47.739000
47.740500
47.748000
47.838500
47.887000
47.887500
47.897667
47.925300
47.987500
48.036333
48.064000
48.092667
48.124000
48.131833
48.152667
48.155833
48.222167
48.279667
48.310333
48.320667
48.321167
48.327667
48.456833
48.596833
48.629667
48.692167
48.705667
48.745667
48.893000
49.345833
49.365667
49.401333
50.323500
50.629900
50.710200
51.037000
51.085700
51.126400
51.152600
51.260600
51.295900
51.300000
51.302200
51.325800
51.392600
51.408300
51.409100
51.429800
51.434700
51.473900
51.477400
51.500900
51.531200
51.554700
51.580500
51.583800
51.594600
51.601333
51.655667
51.680600
51.686900
51.742900
51.761800
51.763500
51.785900
51.852667
51.861833
51.862667
51.871500
51.886400
51.915400
51.950667
51.996200
52.039500
52.047167
52.057700
52.077667
52.082500
52.086000
52.087400
52.088000
52.088333
52.092500
52.104833
52.172700
52.181700
52.210700
52.265500
52.288667
52.302833
52.328700
52.331667
52.340333
52.367000
52.382167
52.484300
52.605700
52.617400
52.697100
52.718400
52.721800
52.730900
52.756700
52.815000
52.870300
52.908600
53.136500
53.287333
53.393600
53.416167
53.478100
53.494900
53.559000
53.582500
53.635100
53.695667
53.703300
53.733300
53.805300
53.848333
53.853333
53.854667
53.856833
53.860500
53.861100
53.863000
53.863000
53.863167
53.863833
53.864833
53.865333
53.866000
53.866000
53.866333
53.866333
53.866500
53.866500
53.867000
53.867000
53.867500
53.867667
53.867833
53.869167
53.869500
53.870167
53.870167
53.873833
53.885900
53.982000
54.029833
54.040400
54.081000
54.082000
54.086000
54.094700
54.096167
54.140000
54.140500
54.143167
54.144667
54.145333
54.146667
54.177600
54.197400
54.259600
54.276600
54.290300
54.317300
54.319700
54.438500
54.481900
54.569100
54.589333
54.605167
54.608900
54.618600
54.619700
54.654400
54.655000
54.679700
54.679800
54.692000
54.720400
54.728100
54.735200
54.745800
54.755100
54.755500
54.758000
54.810900
54.812400
54.830800
54.837300
54.844400
54.863300
54.868800
54.874200
54.883000
54.897600
54.902000
54.903300
54.919400
54.987000
55.038500
55.394833
55.510700
55.529000
55.586200
55.866500
55.975700
56.022900
56.031700
56.066667
56.072400
56.231500
56.271000
56.309700
56.315667
56.516200
56.683600
56.836000
56.857900
56.864400
56.888167
56.888600
57.021500
57.029500
57.127200
57.143600
57.152300
57.351500
57.351900
57.374200
57.425000
57.455500
57.472200
57.475600
57.493300
57.499400
57.556500
57.590400
57.693100
57.742100
57.752900
57.852000
57.868000
57.952300
57.983800
57.984100
57.985600
58.051100
58.085200
58.092200
58.093167
58.135833
58.160667
58.162500
58.162500
58.163000
58.163667
58.164333
58.164500
58.164800
58.167833
58.168333
58.168700
58.169333
58.169500
58.172833
58.176833
58.178200
58.180167
58.180500
58.181500
58.183500
58.184000
58.184333
58.185167
58.185900
58.187500
58.192500
58.194500
58.197000
58.201000
58.205500
58.210500
58.221333
58.224000
58.226900
58.231667
58.233333
58.233667
58.236333
58.238333
58.238667
58.239000
58.239500
58.239833
58.243500
58.246000
58.249167
58.249333
58.249833
58.258167
58.258600
58.259000
58.265167
58.265667
58.266500
58.267000
58.268100
58.269667
58.271000
58.271667
58.271800
58.273000
58.273167
58.275167
58.282000
58.285700
58.287667
58.288333
58.288800
58.288900
58.290500
58.291833
58.292333
58.294100
58.295333
58.296667
58.302500
58.304167
58.310000
58.321833
58.333100
58.340600
58.348833
58.355833
58.357667
58.364833
58.367100
58.367667
58.369500
58.370000
58.373833
58.376667
58.379833
58.381667
58.393333
58.416833
58.416833
58.417333
58.419500
58.447500
58.453200
58.455300
58.455667
58.466167
58.468667
58.488333
58.502400
58.502400
58.504500
58.505667
58.511167
58.526500
58.542700
58.574800
58.577800
58.673900
58.701800
58.739400
58.742300
58.762100
58.807300
58.860500
58.884800
58.935000
58.960000
59.024600
59.056300
59.228200
59.233700
59.256200
59.295600
59.299900
59.304300
59.305000
59.315500
59.355300
59.360500
59.362833
59.363833
59.365000
59.367167
59.368333
59.371200
59.373333
59.414400
59.435300
59.444800
59.449400
59.484900
59.526400
59.543600
59.564700
59.595800
59.599600
59.600900
59.618500
59.635000
59.660300
59.660900
59.661800
59.702600
59.702700
59.711400
59.724400
59.730700
59.751900
59.759600
59.764400
59.768100
59.776000
59.783800
59.792100
59.798400
59.799700
59.801800
59.811800
59.828000
59.832600
59.853700
59.853800
59.862100
59.875100
59.876200
59.886300
59.905900
59.906700
59.908100
59.910600
59.919600
59.920400
59.927300
59.934000
59.941100
59.947300
59.950400
59.951600
59.963600
59.971900
59.992500
59.993500
59.994100
59.996300
59.997000
60.000100
60.001500
60.001600
60.007100
60.007700
60.008200
60.011100
60.027500
60.029400
60.033000
60.036500
60.041500
60.042800
60.046000
60.046800
60.051800
60.052800
60.062100
60.076400
60.077500
60.092400
60.097100
60.107700
60.108900
60.110600
60.114900
60.123800
60.128400
60.130600
60.133100
60.136700
60.138000
60.138800
60.146400
60.150800
60.155900
60.157400
60.161800
60.163400
60.168700
60.174000
60.174100
60.186000
60.186300
60.191100
60.192100
60.193300
60.194000
60.196000
60.203000
60.203500
60.213800
60.218200
60.222000
60.226200
60.231800
60.233200
60.237300
60.246000
60.249800
60.250200
60.258300
60.258500
60.268600
60.274200
60.275900
60.280400
60.303700
60.306000
60.307000
60.310100
60.312000
60.316100
60.331400
60.335100
60.336900
60.346000
60.358300
60.376700
60.378300
60.392900
60.395500
60.410500
60.410900
60.424600
60.427700
60.437800
60.440500
60.456600
60.458900
60.469667
60.470900
60.471800
60.474000
60.474100
60.474900
60.488600
60.495400
60.503600
60.523000
60.523800
60.528333
60.529333
60.531400
60.537800
60.540500
60.545800
60.546300
60.554100
60.564667
60.568100
60.569400
60.573500
60.587900
60.606700
60.613400
60.625000
60.634200
60.641600
60.646000
60.646200
60.654700
60.669200
60.691200
60.720300
60.723300
60.727100
60.727400
60.729700
60.732900
60.738400
60.741900
60.744300
60.752100
60.801000
60.803100
60.807600
60.821800
60.823000
60.829700
60.839300
60.839900
60.851200
60.860800
60.881900
60.901600
60.920800
60.924500
60.925400
60.932400
60.933200
60.940700
60.943200
60.949300
60.950300
60.958000
60.999100
61.000100
61.001500
61.024700
61.025600
61.027500
61.034000
61.036500
61.040700
61.041600
61.042900
61.047500
61.048200
61.048500
61.050600
61.053100
61.055100
61.055100
61.055800
61.055900
61.061100
61.061400
61.062700
61.063400
61.066400
61.072900
61.075700
61.076300
61.078000
61.078900
61.079900
61.080500
61.084700
61.094300
61.097700
61.097700
61.098300
61.103400
61.106100
61.106500
61.115200
61.116300
61.124400
61.126800
61.127700
61.130200
61.130500
61.136300
61.147300
61.149700
61.150800
61.153500
61.159800
61.163100
61.168300
61.172300
61.182167
61.182600
61.201900
61.214700
61.222700
61.228400
61.230600
61.231700
61.235400
61.242300
61.253000
61.261000
61.261500
61.264900
61.286400
61.294700
61.297000
61.301700
61.301700
61.304300
61.311000
61.322800
61.327800
61.333300
61.333400
61.337900
61.340100
61.341000
61.347700
61.348600
61.350700
61.364900
61.365200
61.369400
61.371600
61.375200
61.378200
61.384000
61.388700
61.392600
61.395200
61.396600
61.401000
61.404400
61.404600
61.405300
61.406300
61.407300
61.410100
61.414700
61.415200
61.416000
61.419100
61.422400
61.427500
61.433300
61.435000
61.436000
61.438100
61.438700
61.439200
61.441000
61.443100
61.444500
61.454500
61.454800
61.455800
61.460800
61.464900
61.465100
61.465800
61.468600
61.469300
61.481100
61.484000
61.486300
61.489500
61.490800
61.492000
61.494100
61.495100
61.496000
61.500700
61.503500
61.503700
61.505800
61.506400
61.515400
61.516300
61.520500
61.520600
61.522600
61.528900
61.529500
61.529800
61.530400
61.533300
61.542200
61.545100
61.545200
61.549800
61.552200
61.568400
61.568900
61.569300
61.570800
61.574200
61.576100
61.577400
61.585300
61.601800
61.609900
61.622400
61.624700
61.630000
61.630100
61.634600
61.639900
61.642800
61.643100
61.643300
61.645800
61.647100
61.653600
61.657700
61.664300
61.667500
61.668800
61.670600
61.677700
61.693700
61.698100
61.703700
61.708000
61.710800
61.718500
61.724700
61.726900
61.731900
61.741200
61.767700
61.774500
61.789600
61.797300
61.800800
61.805100
61.809500
61.809800
61.809900
61.816500
61.819700
61.834800
61.865100
61.872800
61.882200
61.883600
61.893900
61.906800
61.908800
61.931333
61.933000
61.933200
61.941700
61.947000
61.964700
61.969700
61.979700
61.984600
62.001600
62.013800
62.015000
62.017400
62.017700
62.018000
62.023167
62.025333
62.028900
62.030000
62.033000
62.034800
62.041100
62.041700
62.042167
62.042900
62.054800
62.060300
62.061800
62.062700
62.066800
62.070500
62.076400
62.087800
62.089700
62.106900
62.113300
62.115300
62.118700
62.118800
62.121000
62.138700
62.143300
62.147900
62.149600
62.156900
62.158600
62.181900
62.183700
62.184200
62.185800
62.188900
62.192000
62.195400
62.196900
62.198900
62.201100
62.205200
62.215000
62.221200
62.225300
62.229400
62.230600
62.241600
62.253200
62.256300
62.256600
62.265700
62.267700
62.268700
62.270200
62.274000
62.277100
62.289500
62.314000
62.317500
62.324700
62.324800
62.330800
62.337500
62.347800
62.354500
62.386300
62.396700
62.414500
62.422900
62.468800
62.483200
62.521600
62.526100
62.526600
62.527700
62.532300
62.550900
62.562400
62.586600
62.587500
62.607000
62.609900
62.622500
62.628200
62.633700
62.638500
62.644600
62.665200
62.677100
62.688300
62.691600
62.695100
62.715700
62.716900
62.722600
62.727200
62.749500
62.750600
62.758400
62.764300
62.771500
62.782300
62.796100
62.814800
62.815300
62.819400
62.821500
62.828600
62.843100
62.844100
62.845400
62.881500
62.886900
62.897000
62.898500
62.899200
62.901600
62.903900
62.907200
62.913500
62.915100
62.918500
62.932500
62.941900
62.954700
62.955700
62.971400
62.972200
62.980700
62.991200
63.000100
63.007000
63.008900
63.013200
63.015300
63.016400
63.019000
63.019000
63.019200
63.020300
63.022000
63.022900
63.024800
63.027300
63.029400
63.031600
63.031900
63.033000
63.033500
63.038500
63.039000
63.041500
63.046000
63.048400
63.049800
63.055400
63.056500
63.057700
63.063000
63.068000
63.071300
63.075900
63.076000
63.077800
63.080100
63.083900
63.085000
63.091200
63.093600
63.094400
63.097300
63.104200
63.104200
63.109000
63.112300
63.118400
63.122200
63.133600
63.134000
63.144300
63.148300
63.148400
63.152900
63.159000
63.162900
63.169600
63.171100
63.172900
63.177400
63.179600
63.184400
63.191000
63.200500
63.204500
63.211100
63.211700
63.215900
63.221400
63.225700
63.226200
63.235200
63.237900
63.238300
63.243200
63.254000
63.255000
63.256200
63.257000
63.257000
63.257400
63.262200
63.263300
63.263700
63.266800
63.267000
63.267100
63.270600
63.276200
63.277400
63.278300
63.279900
63.280100
63.280800
63.281600
63.282200
63.284700
63.302400
63.312000
63.312600
63.319900
63.324400
63.328000
63.335500
63.343800
63.345000
63.346600
63.350500
63.352600
63.364100
63.368100
63.373400
63.380800
63.381800
63.383700
63.388000
63.400000
63.407200
63.422700
63.435800
63.435900
63.439300
63.450900
63.453700
63.454900
63.461100
63.464400
63.469500
63.469600
63.479500
63.481200
63.481400
63.481500
63.493700
63.506400
63.507100
63.507800
63.520200
63.528100
63.532200
63.534500
63.536000
63.540600
63.542800
63.552500
63.557400
63.559200
63.561100
63.563100
63.563300
63.564200
63.566200
63.568000
63.570700
63.572200
63.573400
63.574000
63.577000
63.592300
63.602500
63.676100
63.707200
63.731600
63.810900
63.889200
63.894100
63.915100
63.923600
63.931000
63.935100
63.977500
64.007300
64.038300
64.098500
64.138500
64.243200
64.283100
64.320500
64.393500
64.416200
64.502100
64.515600
64.516300
64.521300
64.521700
64.530700
64.533100
64.548200
64.576200
64.577200
64.583200
64.585800
64.594600
64.599900
64.635200
64.635600
64.641400
64.644600
64.648100
64.657500
64.659800
64.665200
64.670700
64.673600
64.700200
64.705400
64.716700
64.719300
64.725400
64.727500
64.737900
64.757400
64.799600
64.804400
64.814400
64.832600
64.844100
64.856500
64.876800
64.879700
64.889100
64.912500
64.922100
64.925900
64.952300
64.954300
64.966000
64.968800
64.969500
64.973600
64.975700
64.976700
64.977300
64.981300
64.986200
64.992000
65.005000
65.012300
65.013000
65.021200
65.037600
65.079200
65.150200
65.174700
65.216100
65.224300
65.267200
65.320300
65.334200
65.397200
65.399700
65.400400
65.405400
65.409300
65.471300
65.481100
65.495100
65.593700
65.691700
65.697200
65.787900
65.907600
65.946600
66.007300
66.056900
66.091600
66.192300
66.216600
66.226100
66.235800
66.244600
66.246300
66.250700
66.253500
66.261000
66.262700
66.266400
66.285400
66.285900
66.290800
66.299100
66.303000
66.306500
66.313300
66.324000
66.328700
66.341600
66.343400
66.344000
66.770100
67.092400
67.112600
67.144300
67.234900
67.252900
67.260500
67.262600
67.322200
67.351000
67.373500
67.462800
67.581700
68.420300
68.472300
68.507300
68.516500
68.532700
68.541700
68.557100
68.563200
68.695700
68.697000
68.777600
68.898800
69.042300
69.055600
69.365200
69.372500
69.391500
69.403100
69.410400
69.416500
69.418500
69.446500
69.475400
69.516800
69.538800
69.563000
69.588500
69.613900
71.628900
73.847200
