-62.335700
-62.310000
-58.937700
-52.498500
-38.735900
-35.252000
-33.730100
-33.314100
-32.706900
-28.567600
-27.887300
-20.792300
-20.724700
-20.453300
-19.687500
-19.098200
-19.070800
-18.193700
-18.109200
-18.027800
-18.027600
-17.797800
-17.218600
-17.215500
-15.803400
-14.187400
-11.759600
-11.220600
-11.204100
-11.094400
-6.675800
-6.442200
-6.247200
-6.114000
-6.087100
-6.039200
-5.998700
-5.900400
-5.492600
-5.322400
-4.694200
-4.442000
0.347300
2.102100
4.779200
4.933200
6.549000
9.968200
12.402700
13.627300
14.921000
16.581800
17.639800
17.652000
17.813300
17.838900
17.851300
17.869300
17.882800
17.882800
17.885300
17.895800
17.900100
17.903800
17.914000
17.914300
17.916600
17.917500
17.918100
17.918800
17.922300
17.924500
17.925100
17.926100
17.926100
17.929000
17.929500
17.931000
17.933000
17.933300
17.934500
17.934800
17.936600
17.937000
17.938500
17.940000
17.940000
17.940500
17.942100
17.944300
17.944800
17.945100
17.945100
17.946800
17.946800
17.947000
17.949500
17.950800
17.953000
17.954300
17.959500
17.970600
17.980100
17.984000
17.994000
17.995600
18.018600
18.026300
18.045100
18.053300
18.097000
18.174000
18.286500
18.331600
19.019667
19.030600
19.058834
19.121000
19.145666
19.154333
19.157000
19.158333
19.161167
19.162834
19.172333
19.174000
19.175000
19.179500
19.181999
19.188168
19.192833
19.204334
19.213167
19.214001
19.222000
19.223499
19.229666
19.248501
19.321667
19.337500
19.339333
19.373167
19.383333
19.383500
19.393167
19.396166
19.401167
19.402833
19.403833
19.406500
19.406666
19.407000
19.408333
19.410166
19.413167
19.413333
19.413666
19.414167
19.414333
19.415167
19.415833
19.421167
19.427500
19.441000
19.475333
19.476667
19.481001
19.793300
20.058667
23.420400
24.631600
26.530300
26.566200
27.884100
29.759300
31.417333
31.495100
31.641000
31.657400
31.704000
31.709400
32.101800
32.201333
32.201667
32.366000
32.596000
32.864667
32.942000
32.943000
32.982833
32.985667
32.987833
33.004333
33.007667
33.009333
33.009833
33.012000
33.013333
33.017000
33.017500
33.023667
33.028000
33.030167
33.034500
33.035167
33.037667
33.037833
33.039833
33.044000
33.047333
33.051000
33.054333
33.055000
33.061000
33.064500
33.064667
33.098833
33.152667
33.152833
33.175667
33.184500
33.198833
33.210833
33.220667
33.337500
33.394167
33.423167
33.453167
33.478500
33.485500
33.491167
33.497333
33.498000
33.499833
33.500833
33.506167
33.506333
33.507667
33.507833
33.583000
33.589000
33.589667
33.590000
33.591000
33.592833
33.593000
33.593000
33.594333
33.595667
33.595667
33.596000
33.596500
33.599000
33.615333
33.616000
33.637500
33.640667
33.642500
33.645000
33.646167
33.669833
33.670500
33.673833
33.674667
33.683833
33.685000
33.694500
33.703000
33.709667
33.710000
33.710667
33.717333
33.718000
33.721167
33.794500
33.835667
33.839167
33.846167
33.861833
33.863667
33.863833
33.897000
33.903667
33.938833
33.948500
33.975000
33.982167
33.984167
33.996667
34.001833
34.007333
34.010333
34.024333
34.025333
34.032000
34.037667
34.051833
34.053500
34.114333
34.143167
34.203200
34.205167
34.247000
34.269000
34.304667
34.360833
34.397000
34.446167
34.459667
34.481500
34.521500
34.548000
34.792833
34.841500
35.051667
35.085667
35.132000
35.268167
35.344500
35.347167
35.363167
35.382333
35.383833
35.385667
35.460667
35.490500
35.544833
35.558000
35.564000
35.588667
35.594833
35.599167
35.600500
35.602000
35.615000
35.628333
35.628833
35.634167
35.640833
35.641167
35.642333
35.646833
35.647833
35.648500
35.648500
35.649500
35.649500
35.651167
35.653500
35.654833
35.655000
35.658833
35.662833
35.663167
35.664500
35.667333
35.668000
35.668500
35.668833
35.669000
35.673833
35.679667
35.680833
35.686500
35.688333
35.691167
35.703667
35.710833
35.721800
35.722333
35.727167
35.731500
35.733000
35.733333
35.744833
35.751833
35.754167
35.759333
35.765500
35.780167
35.782000
35.786167
35.786333
35.796500
35.806667
35.814833
35.823833
35.824667
35.848000
35.860000
35.861167
35.861500
35.862667
35.863167
35.863333
35.863833
35.864500
35.864833
35.865000
35.867500
35.868000
35.868500
35.869500
35.875000
35.875000
35.877500
35.878000
35.878500
35.878667
35.880333
35.885000
35.885667
35.886333
35.887500
35.887667
35.888667
35.889000
35.889000
35.889167
35.889333
35.889500
35.889833
35.889833
35.890500
35.891000
35.891000
35.891167
35.891167
35.891500
35.893000
35.893167
35.894667
35.902000
35.902500
35.905000
35.910000
35.914500
35.918167
35.922833
35.927833
35.929500
35.938000
35.955667
35.973333
35.976167
35.977833
35.986500
35.991000
36.020000
36.021000
36.023833
36.032833
36.038833
36.041833
36.045000
36.049333
36.085833
36.088000
36.090167
36.101833
36.105000
36.106000
36.106667
36.107500
36.182500
36.198667
36.209167
36.222500
36.226167
36.240667
36.276167
36.296833
36.297167
36.348833
36.349500
36.353333
36.354667
36.355000
36.356667
36.356667
36.356833
36.357667
36.362833
36.364667
36.366000
36.374500
36.425000
36.426167
36.427833
36.430500
36.440500
36.443333
36.446500
36.448333
36.460333
36.470833
36.473167
36.474667
36.478167
36.480333
36.480667
36.480667
36.483000
36.486667
36.491167
36.493500
36.494000
36.494167
36.494500
36.494833
36.499000
36.520500
36.524500
36.525500
36.526833
36.527167
36.561333
36.563333
36.569333
36.570667
36.587700
36.607500
36.608334
36.612667
36.648998
36.651667
36.656333
36.700700
36.728333
36.742200
36.764167
36.766667
36.838667
36.929000
36.983002
36.988167
37.020200
37.051000
37.140333
37.159000
37.245900
37.287000
37.317667
37.413333
37.425500
37.431167
37.440333
37.442500
37.469667
37.480500
37.482167
37.487000
37.487833
37.494000
37.498333
37.589500
37.616000
37.620833
37.621667
37.629833
37.635833
37.636000
37.636333
37.636333
37.637667
37.638000
37.638833
37.640167
37.640667
37.641000
37.642167
37.655500
37.656833
37.659000
37.667999
37.709333
37.753167
37.802500
37.972700
38.036200
38.038000
38.040667
38.041000
38.061700
38.115200
38.115700
38.123200
38.123700
38.125200
38.127700
38.130300
38.130800
38.133700
38.133800
38.135500
38.136300
38.137300
38.137800
38.138000
38.138100
38.138200
38.138400
38.138500
38.139500
38.140300
38.141000
38.141300
38.141300
38.141500
38.142000
38.142200
38.142600
38.143200
38.143500
38.143800
38.144300
38.145800
38.146800
38.147200
38.147800
38.148000
38.148200
38.149500
38.149700
38.149900
38.150700
38.150800
38.150800
38.151000
38.151100
38.151500
38.152300
38.152300
38.152500
38.156700
38.156900
38.157500
38.158200
38.158300
38.159200
38.161700
38.161700
38.162000
38.162700
38.162800
38.163300
38.164300
38.164300
38.165000
38.165700
38.167200
38.167300
38.170200
38.170800
38.172300
38.173500
38.174000
38.174000
38.175700
38.176100
38.176500
38.177200
38.177500
38.178800
38.179200
38.180000
38.180800
38.186200
38.187200
38.188700
38.189000
38.192200
38.192500
38.197200
38.198300
38.198800
38.199700
38.204200
38.204700
38.204700
38.205800
38.230300
38.230300
38.233300
38.234500
38.257500
38.282500
38.283833
38.420000
38.476501
38.482167
38.483333
38.499500
38.606667
38.649167
38.656500
38.658167
38.658200
38.672165
38.678333
38.692000
38.700700
38.702700
38.732498
38.737000
38.741167
38.742000
38.744667
38.751500
38.751667
38.753500
38.753833
38.759998
38.764500
38.764668
38.769665
38.771667
38.772333
38.773167
38.773499
38.777500
38.779499
38.781166
38.781666
38.784168
38.789665
38.794667
38.796501
38.797667
38.798333
38.799500
38.799999
38.800335
38.801834
38.801998
38.803165
38.803333
38.805167
38.806000
38.806332
38.806667
38.806835
38.807499
38.807667
38.807833
38.808000
38.808498
38.808998
38.809502
38.809834
38.809834
38.810333
38.811333
38.811501
38.812000
38.813168
38.813499
38.813667
38.814333
38.817501
38.818001
38.819832
38.820167
38.820499
38.820999
38.821335
38.821335
38.821335
38.821667
38.822498
38.822498
38.823833
38.824001
38.824165
38.824165
38.824167
38.824333
38.826168
38.826333
38.826500
38.826668
38.827999
38.828167
38.828499
38.832001
38.832001
38.833000
38.833332
38.833333
38.833500
38.833832
38.835499
38.836498
38.836666
38.838833
38.839668
38.839668
38.840168
38.840832
38.841000
38.842167
38.843334
38.844002
38.921665
39.119600
39.193000
39.333167
39.335000
39.336200
39.337600
39.359333
39.362667
39.364167
39.364667
39.364833
39.368667
39.399600
39.406900
39.407300
39.417400
39.483500
39.485833
39.579800
39.609667
39.618500
39.640600
39.729500
39.795800
39.824600
39.827333
39.873800
39.886300
39.890200
39.965700
40.010800
40.091000
40.097400
40.121300
40.209500
40.290500
40.304500
40.376167
40.421000
40.468500
40.711833
40.712000
40.712500
40.713167
40.717667
40.728167
40.777667
40.856667
41.465833
41.467500
41.478900
41.486600
41.507200
41.738667
41.769667
41.814000
41.916833
41.919333
42.408333
42.428000
42.430000
42.434000
42.435167
42.448667
42.576167
42.611000
43.638400
43.733167
43.791300
44.107800
44.120200
44.259667
44.270167
44.273833
44.275167
44.280500
44.285000
44.292667
44.293167
44.300833
44.301333
44.326500
44.337167
44.340000
44.344900
44.359600
44.364833
44.365500
44.372000
44.374800
44.383900
44.442000
44.455167
44.455667
44.478500
44.479333
44.508833
44.520333
44.540667
44.578500
44.733167
44.733667
44.734167
44.736167
44.736333
44.737500
44.738333
44.742167
44.742667
44.743167
44.782500
45.553500
45.556833
45.850833
45.877000
45.930000
45.991100
46.004500
46.014167
46.095833
46.196500
46.202667
46.237333
46.291000
46.396833
46.397167
46.588833
46.661667
46.767167
46.854167
46.854333
46.854833
46.862667
46.869167
46.897167
46.900667
46.952833
46.967333
47.024833
47.493000
47.527667
47.643667
47.648500
47.712000
47.733500
47.740500
47.748000
47.897667
47.987500
48.124000
49.365667
50.323500
51.037000
51.085700
51.152600
51.295900
51.325800
51.392600
51.409100
51.473900
51.500900
51.580500
51.871500
51.950667
51.996200
52.087400
52.104833
52.172700
52.181700
52.265500
52.605700
52.697100
52.718400
52.721800
52.730900
52.756700
52.815000
52.870300
52.908600
53.478100
53.494900
53.805300
53.848333
53.866000
53.867833
54.029833
54.094700
54.143167
54.177600
54.276600
54.317300
54.619700
54.679800
54.692000
54.720400
54.728100
54.735200
54.755500
54.812400
54.874200
54.902000
54.903300
54.987000
55.038500
55.529000
56.309700
56.683600
56.857900
56.864400
56.888600
57.127200
57.374200
57.472200
57.556500
57.742100
57.868000
58.051100
58.085200
58.093167
58.164500
58.164800
58.168700
58.176833
58.184333
58.185900
58.192500
58.233667
58.238333
58.239000
58.246000
58.258167
58.258600
58.267000
58.271800
58.290500
58.294100
58.296667
58.302500
58.502400
58.701800
58.739400
58.742300
58.762100
58.860500
58.884800
58.935000
59.024600
59.233700
59.299900
59.360500
59.362833
59.595800
59.660300
59.660900
59.702700
59.783800
59.832600
59.875100
59.906700
59.910600
59.927300
59.950400
59.993500
59.994100
60.001500
60.008200
60.027500
60.029400
60.036500
60.077500
60.097100
60.108900
60.110600
60.123800
60.133100
60.138000
60.150800
60.155900
60.161800
60.203500
60.237300
60.246000
60.258300
60.392900
60.474100
60.474900
60.503600
60.529333
60.531400
60.537800
60.545800
60.554100
60.569400
60.646200
60.691200
60.729700
60.801000
60.807600
60.839900
61.024700
61.025600
61.027500
61.036500
61.050600
61.055800
61.063400
61.078000
61.078900
61.080500
61.097700
61.116300
61.124400
61.214700
61.222700
61.231700
61.297000
61.301700
61.301700
61.333400
61.347700
61.369400
61.375200
61.396600
61.401000
61.404400
61.414700
61.419100
61.436000
61.438100
61.441000
61.484000
61.489500
61.492000
61.494100
61.495100
61.505800
61.506400
61.516300
61.520600
61.545100
61.622400
61.624700
61.630000
61.647100
61.667500
61.668800
61.670600
61.677700
61.703700
61.726900
61.741200
61.797300
61.800800
61.809800
61.819700
61.872800
61.882200
61.931333
61.979700
62.017400
62.017700
62.033000
62.060300
62.062700
62.066800
62.076400
62.121000
62.138700
62.149600
62.181900
62.256600
62.267700
62.270200
62.289500
62.314000
62.317500
62.324800
62.330800
62.337500
62.347800
62.354500
62.468800
62.527700
62.562400
62.609900
62.715700
62.716900
62.749500
62.782300
62.796100
62.815300
62.845400
62.899200
62.918500
63.000100
63.015300
63.019000
63.019200
63.020300
63.022900
63.029400
63.031900
63.033000
63.033500
63.056500
63.075900
63.080100
63.083900
63.085000
63.109000
63.134000
63.144300
63.171100
63.179600
63.200500
63.204500
63.237900
63.257400
63.277400
63.279900
63.302400
63.324400
63.328000
63.381800
63.400000
63.435900
63.439300
63.469500
63.506400
63.520200
63.532200
63.572200
63.602500
63.676100
63.731600
63.889200
63.923600
64.320500
64.502100
64.515600
64.521300
64.521700
64.530700
64.533100
64.635600
64.641400
64.659800
64.705400
64.727500
64.879700
64.954300
64.975700
65.005000
65.021200
65.216100
65.397200
65.399700
65.400400
65.495100
65.691700
66.091600
66.226100
66.244600
66.250700
66.261000
66.262700
66.285900
66.299100
66.343400
66.344000
66.770100
67.144300
67.252900
67.260500
67.262600
67.351000
67.581700
68.697000
69.391500
69.403100
69.410400
69.416500
69.418500
69.563000
69.588500
71.628900
