-62.342800
-62.326500
-62.318800
-62.242700
-62.217800
-62.204900
-62.166300
-54.502200
-41.270900
-38.251400
-35.848000
-35.332400
-32.268400
-31.388900
-30.553600
-28.994000
-27.460200
-24.067900
-24.008500
-23.651700
-22.360300
-21.861800
-21.853700
-21.409500
-20.904300
-20.782800
-20.221600
-20.017000
-19.434800
-19.267000
-18.991900
-18.660400
-18.018600
-17.688800
-16.868400
-15.611400
-15.316600
-11.910100
-10.751800
-10.497100
-9.605300
-9.576200
-9.537000
-9.501200
-8.310100
-7.296900
-5.982200
-5.982000
-4.329000
-3.071200
-2.328000
-1.288400
-0.930600
0.789500
2.335400
3.126800
4.198800
6.718800
7.969700
8.693900
9.559500
9.635900
9.709700
9.734600
9.763300
9.922100
12.189300
14.700100
15.965600
17.843300
17.900500
17.912500
17.916300
17.919300
17.920300
17.920600
17.922100
17.922800
17.923500
17.923800
17.925300
17.925600
17.926100
17.927000
17.927100
17.927500
17.928100
17.932300
17.932600
17.934000
17.935500
17.938000
17.940300
17.941000
17.941500
17.941800
17.942100
17.942300
17.943800
17.944600
17.945000
17.946500
17.951600
17.952600
17.955000
17.956500
17.957600
17.963000
17.963500
17.965100
17.967600
17.977300
17.979300
18.000100
18.002800
18.008600
18.010000
18.018500
18.024500
18.028100
18.032600
18.034600
18.120500
18.290400
18.469500
18.709167
18.772800
18.852833
19.031700
19.078500
19.153500
19.153833
19.163000
19.165001
19.169666
19.171333
19.173500
19.175167
19.176666
19.180334
19.181168
19.192499
19.194166
19.194666
19.200500
19.204166
19.204333
19.212334
19.214001
19.214333
19.217333
19.217501
19.217833
19.220667
19.221001
19.223000
19.224667
19.226500
19.227667
19.232500
19.236000
19.238001
19.239500
19.257999
19.314300
19.333333
19.334167
19.348333
19.371500
19.373000
19.374667
19.379667
19.399166
19.403833
19.407333
19.407833
19.409333
19.411167
19.416166
19.420000
19.422333
19.430000
19.431333
19.433666
19.439500
19.456167
19.456333
19.456833
19.461500
19.530500
19.533833
19.534667
19.543500
19.548333
19.551000
19.556167
19.785167
19.792833
19.805833
19.871900
25.643000
27.165800
31.455667
31.716600
31.732000
32.053333
32.103500
32.104800
32.147167
32.351800
32.696167
32.748667
32.777000
32.864500
32.910667
32.945333
32.945500
32.985667
33.017667
33.018833
33.019500
33.024500
33.029833
33.030000
33.031500
33.032667
33.033500
33.033667
33.034333
33.035333
33.035500
33.035500
33.035667
33.036500
33.036833
33.037000
33.037500
33.037500
33.037667
33.038167
33.038333
33.038500
33.038833
33.039000
33.039333
33.040667
33.041833
33.042333
33.043333
33.043333
33.044667
33.045000
33.045167
33.045667
33.045833
33.047000
33.047333
33.048833
33.050000
33.051000
33.055667
33.058167
33.059667
33.070167
33.094167
33.097833
33.135000
33.143167
33.148333
33.151500
33.153167
33.172500
33.180000
33.182000
33.183333
33.228333
33.252500
33.431333
33.446333
33.472000
33.481833
33.491833
33.492000
33.496167
33.498500
33.504833
33.507333
33.509500
33.539500
33.553500
33.585167
33.589667
33.592333
33.599833
33.602000
33.632333
33.632833
33.651833
33.683333
33.683833
33.700833
33.718500
33.788500
33.807667
33.832000
33.918167
33.939500
33.940500
33.958833
33.961000
33.961833
33.961833
33.963000
33.967500
33.971833
33.974000
34.017833
34.046167
34.052333
34.100000
34.153300
34.171000
34.194167
34.210167
34.229500
34.230333
34.303600
34.336667
34.354167
34.358333
34.483833
34.499667
35.035500
35.036500
35.040000
35.048000
35.080167
35.097333
35.439800
35.553667
35.579667
35.588667
35.594167
35.594500
35.600333
35.606333
35.606333
35.612833
35.614833
35.616167
35.617167
35.618667
35.628000
35.629167
35.630500
35.630833
35.638833
35.640167
35.643333
35.647167
35.649833
35.650500
35.651833
35.652500
35.653167
35.654500
35.655000
35.667333
35.668167
35.668667
35.669667
35.671500
35.674000
35.679667
35.686167
35.687167
35.687667
35.690333
35.691167
35.691500
35.693333
35.706000
35.712333
35.712833
35.715167
35.715667
35.728667
35.736333
35.737167
35.737333
35.737667
35.743833
35.758500
35.760667
35.776667
35.779500
35.783000
35.792667
35.795000
35.800167
35.801000
35.813333
35.817333
35.819833
35.824000
35.840333
35.852833
35.861167
35.863667
35.864833
35.868333
35.869167
35.870167
35.871833
35.872667
35.873000
35.873167
35.880333
35.882167
35.893000
35.896167
35.902667
35.903333
35.907167
35.911833
35.934500
35.945833
35.947167
35.950000
35.973500
35.976167
35.977333
35.978000
35.982333
36.000000
36.004167
36.013167
36.016333
36.021167
36.022667
36.029167
36.043167
36.065333
36.070167
36.082500
36.101167
36.104833
36.106333
36.107333
36.108333
36.123833
36.127167
36.130667
36.132667
36.135333
36.138667
36.150167
36.170833
36.211667
36.214667
36.246000
36.273667
36.310300
36.355833
36.359500
36.362167
36.365167
36.366000
36.427000
36.428167
36.429167
36.429833
36.430667
36.430833
36.431333
36.431333
36.431500
36.432833
36.436500
36.441500
36.443000
36.448833
36.452000
36.462333
36.465500
36.470500
36.475500
36.478833
36.482500
36.516333
36.519000
36.519833
36.523333
36.523500
36.524833
36.525000
36.525167
36.525333
36.525500
36.525500
36.525500
36.525667
36.526000
36.526167
36.526667
36.527000
36.527167
36.527500
36.528000
36.529833
36.530333
36.530500
36.531000
36.531333
36.531333
36.532000
36.533000
36.535333
36.565500
36.611667
36.668667
36.691333
36.712500
36.714900
36.732667
36.741000
36.753333
36.753333
36.758000
36.761500
36.775200
36.852200
36.906333
36.915333
36.964667
37.068333
37.132167
37.288833
37.297500
37.335833
37.451333
37.475833
37.478167
37.483833
37.493167
37.495167
37.496667
37.527833
37.529167
37.533000
37.538333
37.573333
37.597667
37.604833
37.607333
37.616333
37.619833
37.625333
37.628200
37.632833
37.633667
37.633833
37.634833
37.637667
37.638833
37.638833
37.644500
37.645833
37.679700
37.730667
37.858167
38.001000
38.011000
38.042333
38.046167
38.068700
38.068800
38.070833
38.100500
38.105300
38.105400
38.112700
38.116700
38.120200
38.123800
38.124300
38.124500
38.126300
38.126700
38.129200
38.129300
38.131200
38.133000
38.134500
38.138000
38.138500
38.139200
38.142300
38.142800
38.142800
38.143300
38.144700
38.144700
38.145400
38.146800
38.146900
38.147200
38.149200
38.149500
38.150100
38.150300
38.151700
38.152500
38.153200
38.153300
38.155500
38.156000
38.156300
38.159500
38.159700
38.159800
38.160000
38.160300
38.161000
38.162300
38.162800
38.162800
38.163000
38.164800
38.165000
38.165000
38.165300
38.165300
38.165300
38.165500
38.165500
38.165500
38.165700
38.165800
38.166200
38.167300
38.168000
38.168500
38.168700
38.169300
38.169500
38.170300
38.172700
38.173300
38.174800
38.175100
38.175800
38.176200
38.176500
38.177300
38.178200
38.180800
38.181000
38.182300
38.182500
38.183200
38.184500
38.184700
38.185700
38.186200
38.186500
38.186800
38.189000
38.189300
38.190500
38.191300
38.191500
38.191700
38.191800
38.192500
38.193200
38.193300
38.193800
38.194000
38.195400
38.196300
38.197800
38.199700
38.200300
38.200500
38.200700
38.201200
38.201300
38.202300
38.202700
38.202700
38.204800
38.205000
38.205800
38.211300
38.211700
38.212200
38.215200
38.222000
38.257500
38.277200
38.278200
38.281000
38.393300
38.478167
38.480000
38.480167
38.480333
38.480500
38.481167
38.481333
38.481333
38.481333
38.481500
38.481667
38.481667
38.481667
38.481833
38.481833
38.482000
38.482000
38.482000
38.482167
38.482167
38.482333
38.482500
38.482667
38.483000
38.483167
38.483167
38.483500
38.484500
38.484500
38.484667
38.484833
38.485500
38.485667
38.488167
38.489333
38.489833
38.490167
38.501167
38.516833
38.596667
38.606000
38.614500
38.645200
38.670300
38.674300
38.687167
38.688200
38.692800
38.692900
38.694900
38.696100
38.697900
38.699600
38.700900
38.701800
38.755500
38.762167
38.773499
38.777832
38.782600
38.784168
38.786000
38.786499
38.786667
38.787334
38.787334
38.787498
38.789501
38.791332
38.792000
38.797333
38.799000
38.799168
38.800499
38.804833
38.804833
38.806000
38.806833
38.809000
38.809166
38.810001
38.810501
38.810833
38.811833
38.812667
38.812833
38.813167
38.814835
38.815498
38.815498
38.816834
38.817665
38.818667
38.820000
38.820333
38.820667
38.821667
38.821667
38.822166
38.823502
38.825167
38.825667
38.825832
38.825833
38.826000
38.826332
38.827331
38.828167
38.828667
38.830500
38.831665
38.832832
38.832833
38.833000
38.833168
38.833500
38.833668
38.834000
38.834000
38.834500
38.834667
38.835167
38.835500
38.835667
38.835667
38.835833
38.836834
38.837333
38.839500
38.839668
38.840000
38.840668
38.852000
38.863700
38.881700
38.994833
39.182300
39.263167
39.346833
39.356333
39.356333
39.356500
39.357167
39.357500
39.358167
39.358500
39.359000
39.359500
39.359667
39.359900
39.360333
39.360667
39.361333
39.361667
39.362167
39.362667
39.363167
39.364000
39.364167
39.364333
39.364500
39.364500
39.364500
39.364667
39.365000
39.366333
39.367000
39.367667
39.368167
39.368167
39.405000
39.413500
39.436900
39.495200
39.578200
39.742900
39.804900
39.881200
39.911500
39.914333
39.915667
39.916500
39.917833
39.920700
39.922167
39.924000
39.938000
39.960700
39.970900
40.007500
40.058000
40.087000
40.097400
40.383700
40.466667
40.569333
40.725833
40.730167
40.732500
40.757500
40.760000
41.338333
41.349833
41.437000
41.443667
41.445000
41.875833
43.171500
43.283900
43.435500
43.764100
44.035500
44.135300
44.212833
44.247667
44.282500
44.288167
44.290000
44.291333
44.295800
44.301667
44.308500
44.314667
44.320833
44.370000
44.378833
44.434500
44.522000
44.557000
44.557333
44.562833
44.563167
44.564833
44.589833
44.639000
44.668833
44.673833
44.681667
44.694000
44.764167
44.772167
45.689333
45.859000
45.883167
46.194667
46.197333
46.231300
46.232000
46.236000
46.236333
46.243167
46.309000
46.350500
46.466000
46.724667
46.845167
46.845333
46.847333
46.847333
46.849833
46.853500
46.878000
47.136000
47.265333
47.432667
47.569167
47.696000
47.704833
47.838500
47.887500
47.925300
48.222167
48.279667
48.321167
48.456833
48.692167
50.710200
51.126400
51.260600
51.300000
51.302200
51.408300
51.429800
51.434700
51.477400
51.531200
51.554700
51.583800
51.594600
51.680600
51.686900
51.761800
51.785900
51.862667
51.915400
52.057700
52.210700
52.288667
52.328700
52.331667
52.367000
52.617400
53.559000
53.582500
53.635100
53.703300
53.733300
53.853333
53.861100
53.863000
53.866000
53.866500
53.870167
53.885900
53.982000
54.140000
54.140500
54.144667
54.145333
54.197400
54.290300
54.319700
54.438500
54.481900
54.569100
54.608900
54.654400
54.655000
54.679700
54.745800
54.810900
54.830800
54.837300
54.844400
54.863300
54.868800
54.883000
54.897600
54.919400
55.866500
56.066667
56.315667
56.516200
56.836000
57.143600
57.152300
57.351900
57.493300
57.852000
57.952300
57.983800
57.984100
58.172833
58.178200
58.185167
58.224000
58.231667
58.233333
58.239500
58.239833
58.243500
58.273167
58.288900
58.416833
58.453200
58.455300
58.488333
58.505667
58.542700
58.807300
58.960000
59.228200
59.256200
59.295600
59.315500
59.414400
59.484900
59.618500
59.635000
59.702600
59.798400
59.799700
59.801800
59.886300
59.908100
59.963600
60.041500
60.046000
60.076400
60.128400
60.138800
60.157400
60.168700
60.174000
60.174100
60.193300
60.194000
60.196000
60.203000
60.218200
60.249800
60.268600
60.312000
60.378300
60.424600
60.427700
60.456600
60.458900
60.495400
60.523000
60.523800
60.528333
60.613400
60.625000
60.634200
60.654700
60.727100
60.727400
60.732900
60.823000
60.860800
60.881900
60.999100
61.042900
61.061400
61.062700
61.076300
61.098300
61.103400
61.106100
61.106500
61.126800
61.127700
61.147300
61.149700
61.153500
61.172300
61.228400
61.242300
61.253000
61.264900
61.327800
61.333300
61.341000
61.378200
61.392600
61.406300
61.422400
61.427500
61.433300
61.435000
61.438700
61.439200
61.454800
61.460800
61.465100
61.490800
61.522600
61.529800
61.552200
61.574200
61.601800
61.634600
61.642800
61.643100
61.645800
61.664300
61.693700
61.731900
61.816500
61.883600
61.908800
62.015000
62.018000
62.023167
62.025333
62.034800
62.041700
62.042167
62.089700
62.118700
62.118800
62.183700
62.215000
62.253200
62.265700
62.268700
62.386300
62.396700
62.422900
62.526100
62.607000
62.644600
62.665200
62.727200
62.750600
62.764300
62.771500
62.814800
62.903900
62.941900
62.954700
62.991200
63.007000
63.008900
63.016400
63.046000
63.055400
63.057700
63.063000
63.071300
63.093600
63.104200
63.133600
63.148300
63.172900
63.177400
63.184400
63.191000
63.215900
63.225700
63.235200
63.257000
63.262200
63.267000
63.343800
63.345000
63.350500
63.388000
63.407200
63.453700
63.454900
63.464400
63.469600
63.507100
63.528100
63.534500
63.542800
63.559200
63.566200
63.573400
63.574000
63.707200
63.915100
63.931000
64.007300
64.038300
64.283100
64.393500
64.416200
64.516300
64.548200
64.585800
64.594600
64.635200
64.644600
64.657500
64.665200
64.670700
64.737900
64.876800
64.889100
64.969500
64.992000
65.037600
65.079200
65.224300
65.409300
65.471300
65.481100
65.946600
66.056900
66.253500
66.290800
66.324000
66.328700
66.341600
67.234900
67.373500
67.462800
68.532700
68.541700
68.557100
68.563200
69.538800
69.613900
