-62.373500
-62.366600
-62.346700
-62.318000
-62.293700
-62.242700
-33.699800
-31.291000
-29.694700
-29.493100
-23.708900
-23.615600
-19.422500
-19.418700
-18.673100
-17.694700
-17.166000
-15.992000
-15.093500
-14.748800
-14.591000
-12.426700
-11.803100
-11.599300
-11.564700
-8.831000
-8.775800
-8.760900
-8.691100
-8.676700
-8.510100
-8.505600
-7.805100
-7.160500
-6.396800
-6.015100
-5.943300
-5.540800
-5.418900
-5.405800
-5.327000
-5.010900
-4.366100
-4.195900
-4.135800
-1.881000
-1.160900
0.717300
2.495800
2.518100
6.150900
8.449300
9.242800
10.977500
13.573800
13.607800
13.780000
14.449100
14.573800
15.622600
15.782900
16.903200
17.423000
17.833300
17.920500
17.921600
17.925500
17.934500
17.936100
17.937500
17.942000
17.942300
17.943600
17.948100
17.948300
17.949600
17.952600
17.953100
17.955000
17.957600
17.963800
17.967600
17.968000
17.968500
17.982100
18.013600
18.013600
18.031100
18.195000
18.462000
18.531500
18.748900
18.831200
19.051001
19.154167
19.161333
19.162500
19.167000
19.179667
19.186666
19.195499
19.197500
19.199833
19.203833
19.205166
19.207500
19.208334
19.214500
19.215166
19.215834
19.216833
19.217167
19.219000
19.220501
19.223667
19.225334
19.225500
19.230333
19.230333
19.233667
19.335667
19.342333
19.344333
19.348167
19.360333
19.405001
19.415333
19.415833
19.417667
19.418167
19.419500
19.421167
19.425167
19.454500
19.458166
19.460833
19.463167
19.473833
19.478333
19.645500
19.990500
20.644800
26.202400
27.629600
29.865000
29.889400
31.507000
31.577100
31.623833
32.745500
32.748167
32.938833
32.940333
32.941167
32.965000
32.974500
32.978000
32.996333
33.000500
33.002333
33.002667
33.003000
33.003167
33.005000
33.005667
33.005667
33.006500
33.007500
33.007500
33.008167
33.009333
33.009667
33.009833
33.010167
33.010500
33.010667
33.011000
33.011000
33.011500
33.011667
33.012667
33.013000
33.013000
33.013500
33.013500
33.013667
33.013833
33.014167
33.014333
33.014833
33.014833
33.015333
33.015667
33.016167
33.016167
33.016500
33.016667
33.017000
33.017000
33.017167
33.017333
33.017500
33.017500
33.017500
33.017500
33.017667
33.017667
33.017667
33.017833
33.018667
33.019167
33.019333
33.019500
33.019833
33.020167
33.020167
33.020167
33.020333
33.020667
33.020833
33.020833
33.021000
33.021000
33.021333
33.021333
33.021500
33.021833
33.021833
33.022333
33.022667
33.023333
33.023333
33.024833
33.025000
33.025333
33.025333
33.025333
33.025333
33.025667
33.025667
33.025833
33.026167
33.026500
33.026667
33.027000
33.027167
33.027333
33.027833
33.027833
33.028167
33.028667
33.028833
33.029000
33.029000
33.029333
33.029500
33.029500
33.029500
33.030167
33.030333
33.030500
33.030500
33.030833
33.030833
33.031000
33.031000
33.031167
33.031333
33.032000
33.032667
33.032667
33.033167
33.033333
33.033333
33.033500
33.033500
33.034167
33.034167
33.034333
33.034500
33.034833
33.035000
33.035500
33.035500
33.035667
33.035833
33.035833
33.036000
33.036167
33.037000
33.037500
33.037667
33.037667
33.038667
33.038667
33.038667
33.039000
33.039000
33.039167
33.039667
33.040167
33.040500
33.040667
33.041000
33.041500
33.041667
33.041833
33.042000
33.043000
33.043500
33.043667
33.043833
33.043833
33.044500
33.046667
33.046833
33.046833
33.046833
33.047000
33.048167
33.048667
33.049167
33.050000
33.050167
33.050667
33.051167
33.051333
33.051667
33.051833
33.051833
33.052167
33.052333
33.053000
33.053167
33.053500
33.053667
33.053667
33.053667
33.053833
33.054500
33.055500
33.055833
33.056000
33.056333
33.056667
33.056667
33.057000
33.057000
33.057667
33.057833
33.058333
33.058500
33.058667
33.059167
33.059333
33.059500
33.060000
33.060000
33.060167
33.060667
33.060667
33.061167
33.062000
33.062000
33.062167
33.062500
33.062500
33.062667
33.063167
33.063333
33.063333
33.064667
33.065500
33.065500
33.066167
33.067000
33.067167
33.067333
33.067500
33.067500
33.068167
33.068333
33.068500
33.069000
33.069167
33.069333
33.069833
33.072167
33.073833
33.074833
33.074833
33.075667
33.079500
33.080333
33.088167
33.091833
33.097333
33.102000
33.102333
33.105667
33.105833
33.106000
33.109333
33.110500
33.115000
33.130833
33.143167
33.164000
33.167333
33.187500
33.238833
33.344833
33.364667
33.381167
33.441000
33.443000
33.459667
33.465833
33.466333
33.479167
33.480333
33.482667
33.485500
33.496500
33.497667
33.499667
33.500167
33.505000
33.505500
33.507167
33.520400
33.541333
33.566333
33.573833
33.595000
33.636833
33.637000
33.637500
33.639500
33.641833
33.642333
33.670667
33.677500
33.684167
33.685833
33.695833
33.700500
33.703000
33.707833
33.715167
33.717500
33.737500
33.765500
33.791167
33.793500
33.895000
33.904167
33.922667
33.935333
33.938333
33.954167
33.955333
33.975333
33.981167
34.025500
34.032500
34.034000
34.049167
34.075333
34.116167
34.207667
34.225167
34.225667
34.303000
34.304333
34.306167
34.950000
35.031500
35.367167
35.421667
35.429833
35.593167
35.602000
35.627333
35.627333
35.629167
35.642500
35.643000
35.645833
35.650500
35.651000
35.654000
35.657833
35.660000
35.660333
35.663500
35.666667
35.666833
35.667333
35.670667
35.674333
35.674500
35.675333
35.676833
35.679167
35.679833
35.680500
35.682833
35.684667
35.689167
35.698500
35.701833
35.703500
35.706500
35.712000
35.713333
35.715167
35.727167
35.730833
35.732000
35.732667
35.749833
35.751167
35.754667
35.769833
35.780167
35.799167
35.818000
35.823000
35.825333
35.848667
35.850167
35.859667
35.860833
35.861000
35.863333
35.864167
35.878167
35.881833
35.886000
35.890333
35.890667
35.891167
35.892000
35.897167
35.901000
35.903167
35.903333
35.906667
35.915667
35.916167
35.918000
35.918000
35.918500
35.919500
35.963000
35.975000
35.997833
36.026167
36.028333
36.036667
36.094500
36.096333
36.129167
36.129500
36.131333
36.134333
36.204500
36.226500
36.237333
36.292700
36.344000
36.348000
36.351333
36.352667
36.361500
36.361833
36.439100
36.463667
36.475833
36.493333
36.499333
36.509667
36.521167
36.522167
36.522167
36.522833
36.524667
36.524833
36.524833
36.525167
36.525167
36.525167
36.525500
36.525667
36.525667
36.526000
36.527500
36.528000
36.528333
36.528833
36.529500
36.532000
36.533833
36.534000
36.534167
36.556700
36.592500
36.593500
36.597833
36.654333
36.658333
36.703333
36.733300
36.738300
36.748000
36.758300
36.847333
36.905833
37.103167
37.233600
37.259333
37.327333
37.334833
37.337167
37.425667
37.441000
37.461667
37.476667
37.477167
37.491833
37.493000
37.494500
37.495000
37.496167
37.496833
37.497833
37.499667
37.499667
37.501833
37.538833
37.559167
37.560000
37.582333
37.595333
37.608333
37.626167
37.632167
37.633500
37.634000
37.634167
37.634500
37.634667
37.634833
37.635333
37.636167
37.636833
37.639500
37.640500
37.649500
37.650667
37.653300
37.654000
37.658333
37.660167
37.666500
37.680333
37.821500
37.857833
37.958500
37.990500
38.004667
38.005833
38.006667
38.038000
38.046800
38.069200
38.070000
38.080000
38.084167
38.085333
38.087167
38.087833
38.092000
38.092500
38.093167
38.093667
38.093667
38.095167
38.097500
38.098300
38.099000
38.108700
38.116100
38.123000
38.127333
38.134300
38.134500
38.136300
38.137200
38.137500
38.138000
38.138300
38.139700
38.139700
38.140300
38.141500
38.141700
38.143700
38.144300
38.145200
38.146500
38.147300
38.148000
38.148700
38.149200
38.150200
38.150300
38.151500
38.151700
38.151800
38.153500
38.153800
38.154700
38.154700
38.154800
38.155800
38.156200
38.156500
38.157000
38.157000
38.158000
38.158800
38.160500
38.160700
38.161400
38.161700
38.161700
38.162200
38.162700
38.162700
38.163300
38.163800
38.163800
38.164300
38.164500
38.164700
38.166000
38.166200
38.167300
38.167700
38.168000
38.168500
38.169100
38.169200
38.170700
38.171300
38.174200
38.174200
38.174300
38.174400
38.174700
38.176000
38.177300
38.177500
38.178000
38.178200
38.178500
38.179500
38.180000
38.180300
38.181000
38.183800
38.183833
38.184000
38.184300
38.185200
38.187300
38.187500
38.188500
38.189200
38.189500
38.189800
38.190167
38.190700
38.192700
38.193300
38.195300
38.196833
38.198667
38.199000
38.199300
38.200800
38.205000
38.206200
38.208200
38.216500
38.220000
38.223000
38.227200
38.261700
38.323500
38.457400
38.470700
38.597000
38.691333
38.699800
38.725700
38.754833
38.755000
38.757332
38.760333
38.770000
38.773667
38.776165
38.776165
38.781834
38.793335
38.794334
38.794834
38.795833
38.796166
38.797333
38.800835
38.801333
38.801666
38.801833
38.802334
38.802834
38.806168
38.806333
38.807000
38.807667
38.808000
38.808333
38.808334
38.809333
38.809834
38.810001
38.810333
38.813499
38.813499
38.813500
38.813500
38.814167
38.815000
38.815498
38.815834
38.817500
38.818001
38.819500
38.820332
38.820833
38.822498
38.822500
38.823500
38.823502
38.825001
38.825165
38.826168
38.826500
38.829667
38.832333
38.834331
38.834331
38.834499
38.835000
38.835667
38.837000
38.838501
38.839000
38.840000
38.840000
38.841000
38.841167
38.841835
38.865333
38.865500
38.942500
38.947000
38.955500
38.974167
38.993333
39.271333
39.290167
39.292833
39.357333
39.358667
39.358667
39.358667
39.359000
39.359000
39.359333
39.359333
39.359900
39.360333
39.360667
39.361500
39.362000
39.362333
39.362500
39.363167
39.363667
39.363833
39.363833
39.364000
39.365167
39.365333
39.366500
39.367000
39.367167
39.405300
39.428400
39.487500
39.611800
39.622200
39.705000
39.706333
39.848900
39.850500
39.850500
39.947000
40.076600
40.087100
40.291333
40.468833
40.484667
40.515000
40.554700
40.675833
40.677000
40.731833
40.778333
40.781000
41.449667
41.455167
43.902800
44.268100
44.333700
44.357600
44.378000
44.403500
44.433000
44.509833
44.530600
44.725167
44.728833
45.553333
45.575200
45.871000
45.873333
45.951500
46.009000
46.056667
46.198500
46.198833
46.200167
46.389667
46.924833
46.926833
46.930000
47.074167
47.170167
47.212167
47.280167
47.286500
47.324167
47.441600
47.506167
47.521833
47.528667
47.551000
47.637000
47.674500
47.686000
47.687000
47.737333
47.753167
48.165667
48.428667
48.436500
48.484833
48.574500
49.069500
49.388500
50.316100
50.794400
51.164000
51.176300
51.182000
51.186600
51.252000
51.284300
51.325300
51.330400
51.360800
51.395300
51.450900
51.481600
51.482200
51.501500
51.515800
51.525400
51.547700
51.549000
51.555100
51.583800
51.591400
51.604300
51.622700
51.655700
51.673400
51.708100
51.758300
51.769000
51.776200
51.828500
51.843500
51.869000
51.935667
52.037333
52.052833
52.066333
52.068833
52.076333
52.078833
52.089200
52.107500
52.198600
52.261667
52.320167
52.322500
52.322833
52.335700
52.337167
52.550400
52.698800
53.117800
53.128500
53.139000
53.500600
53.551800
53.582500
53.626800
53.800667
53.860333
53.865667
53.868333
53.935500
53.991000
54.127833
54.129500
54.137800
54.139833
54.317300
54.397000
54.522100
54.535000
54.545400
54.547800
54.569200
54.571700
54.576700
54.593300
54.605500
54.615700
54.618900
54.622100
54.637900
54.641200
54.646600
54.664300
54.676700
54.677800
54.683200
54.703400
54.727300
54.736300
54.754500
54.832400
54.866000
54.870000
54.937500
54.993800
55.033400
55.147300
56.335200
56.445800
56.861700
57.086000
57.095600
57.772800
57.806900
58.163167
58.168600
58.170800
58.172000
58.179000
58.228667
58.240333
58.248000
58.249833
58.260167
58.276000
58.282100
58.331000
58.342667
58.398400
58.426600
58.456100
58.626900
58.945300
59.123100
59.393200
59.433000
59.524900
59.574500
59.583300
59.696900
59.763100
59.775500
59.968500
60.064200
60.064700
60.069500
60.086700
60.117500
60.136400
60.172600
60.260600
60.261900
60.266200
60.318900
60.417100
60.516200
60.521833
60.523000
60.551200
60.553900
60.636700
60.651100
60.660500
60.723500
60.729400
60.807700
60.841800
60.867700
60.874400
60.887400
60.924400
61.034100
61.055700
61.068600
61.085800
61.091000
61.112700
61.178333
61.232200
61.289900
61.325600
61.386800
61.400700
61.409200
61.409600
61.415900
61.434600
61.439400
61.493500
61.496600
61.513700
61.518100
61.522600
61.526500
61.528000
61.557700
61.574800
61.587400
61.630900
61.635800
61.726300
61.752200
61.760400
61.883600
61.989300
62.015700
62.018300
62.053000
62.148600
62.178700
62.194900
62.200300
62.227800
62.243800
62.254100
62.282200
62.290400
62.307700
62.473300
62.503000
62.614300
62.805100
62.837400
62.871600
62.882800
62.916000
62.939100
62.990100
62.995400
63.006600
63.009200
63.015100
63.036900
63.046400
63.053600
63.083600
63.087900
63.088100
63.095600
63.109700
63.158700
63.205400
63.210700
63.215400
63.231400
63.256700
63.266500
63.275900
63.279000
63.309100
63.312500
63.359300
63.365100
63.365500
63.467000
63.471300
63.590700
63.603200
63.658200
63.737000
64.178100
64.453900
64.529200
64.618100
64.729300
64.745900
64.947100
64.962500
64.993300
64.994300
65.023200
65.029500
65.169900
65.192500
65.408700
65.430500
65.470000
65.481200
65.688400
65.753700
66.033600
66.133700
66.217800
66.250100
66.308100
66.325200
66.328900
66.329100
66.343900
66.443400
66.645100
66.818400
67.275600
67.332700
67.350300
67.356400
67.531700
67.774800
67.933600
68.530500
68.539900
68.557000
68.567700
68.586800
68.885700
69.278000
69.406900
69.450600
69.481900
69.516400
69.551600
