-62.273400
-62.239200
-49.889300
-48.443300
-26.264300
-25.452800
-24.156500
-24.120600
-22.489000
-21.021600
-21.002900
-19.535500
-19.245800
-19.061500
-15.166600
-11.828500
-7.960900
-6.364700
-6.086700
-4.199900
-2.941500
-2.495900
-2.462900
10.762000
14.485200
17.828500
17.921600
17.938800
17.938800
17.940300
17.946300
17.956600
17.971500
18.016300
18.021300
18.622100
19.138334
19.140167
19.159834
19.175500
19.175501
19.187334
19.191668
19.193501
19.200167
19.201800
19.220667
19.224667
19.226999
19.230833
19.231333
19.268499
19.294167
19.307800
19.343834
19.377501
19.416000
19.416500
19.455000
19.476166
19.508833
19.919000
31.665600
32.675833
32.867833
32.944500
32.971333
32.976500
33.004000
33.006500
33.007833
33.010333
33.012667
33.012833
33.012833
33.014833
33.015333
33.015500
33.016333
33.016333
33.016833
33.017167
33.017167
33.018667
33.019000
33.019333
33.019833
33.019833
33.020333
33.020500
33.020833
33.020833
33.020833
33.020833
33.021000
33.021167
33.021167
33.022000
33.023667
33.024000
33.024333
33.024500
33.024500
33.025333
33.025667
33.025833
33.025833
33.026500
33.026500
33.026833
33.027333
33.027333
33.028000
33.028000
33.028667
33.028667
33.029500
33.029667
33.029833
33.029833
33.030167
33.030167
33.030333
33.030500
33.030833
33.031167
33.031500
33.031667
33.031667
33.031833
33.032333
33.032333
33.032667
33.032833
33.033000
33.033333
33.033500
33.033500
33.033500
33.033500
33.033500
33.033500
33.033667
33.033833
33.034167
33.034167
33.034333
33.034333
33.034333
33.034333
33.034500
33.034500
33.034667
33.034833
33.035000
33.035167
33.035332
33.035333
33.036000
33.036333
33.036667
33.036667
33.036667
33.036667
33.036833
33.036833
33.037167
33.037667
33.037667
33.037833
33.037833
33.038000
33.038000
33.038167
33.038167
33.038167
33.038167
33.038167
33.038333
33.038500
33.038500
33.038667
33.038667
33.038833
33.039000
33.039167
33.039167
33.039333
33.039333
33.039333
33.039500
33.039500
33.039667
33.039667
33.039667
33.039667
33.039833
33.039833
33.039833
33.039833
33.040000
33.040333
33.040333
33.040500
33.040500
33.040667
33.040833
33.040833
33.040833
33.041333
33.041500
33.041500
33.041500
33.041667
33.041667
33.041833
33.041833
33.042000
33.042333
33.042500
33.042833
33.042833
33.042833
33.043333
33.043667
33.043667
33.043833
33.043833
33.044000
33.044167
33.044167
33.044333
33.044500
33.044667
33.044833
33.044833
33.045000
33.045333
33.045333
33.045500
33.045667
33.045667
33.045667
33.045667
33.045667
33.045667
33.045833
33.046000
33.046000
33.046167
33.046333
33.046333
33.046333
33.046500
33.046500
33.046667
33.046667
33.046667
33.047000
33.047000
33.047167
33.047333
33.047500
33.047833
33.047833
33.047833
33.048000
33.048000
33.048500
33.048667
33.048667
33.048667
33.048833
33.048833
33.048833
33.048833
33.049000
33.049000
33.049167
33.049333
33.049333
33.049333
33.049500
33.049667
33.049667
33.049833
33.050000
33.050000
33.050000
33.050000
33.050667
33.050667
33.050833
33.051000
33.051000
33.051000
33.051167
33.051333
33.051500
33.051667
33.051667
33.051833
33.051833
33.051833
33.052167
33.052167
33.052167
33.052167
33.052167
33.052167
33.052167
33.052167
33.052333
33.052500
33.052500
33.052667
33.052833
33.053000
33.053000
33.053000
33.053167
33.053500
33.053667
33.053667
33.053667
33.053667
33.053833
33.053833
33.054000
33.054000
33.054000
33.054000
33.054000
33.054000
33.054167
33.054167
33.054333
33.054333
33.054333
33.054333
33.054333
33.054333
33.054333
33.054500
33.054500
33.054500
33.054500
33.054667
33.054667
33.054833
33.054833
33.055000
33.055000
33.055000
33.055000
33.055000
33.055000
33.055000
33.055000
33.055333
33.055500
33.055667
33.055667
33.055667
33.055667
33.055900
33.056000
33.056000
33.056000
33.056000
33.056000
33.056167
33.056167
33.056333
33.056333
33.056333
33.056333
33.056333
33.056500
33.056500
33.056500
33.056500
33.056500
33.056667
33.056667
33.056667
33.056667
33.056667
33.056833
33.056833
33.056833
33.056833
33.056833
33.056833
33.057000
33.057000
33.057000
33.057000
33.057000
33.057000
33.057167
33.057167
33.057333
33.057333
33.057500
33.057500
33.057500
33.057500
33.057500
33.057667
33.057667
33.057833
33.057833
33.057833
33.057833
33.058000
33.058000
33.058167
33.058167
33.058167
33.058167
33.058167
33.058167
33.058333
33.058333
33.058333
33.058333
33.058333
33.058333
33.058334
33.058500
33.058500
33.058500
33.058500
33.058500
33.058667
33.058667
33.058667
33.058833
33.058833
33.058833
33.059000
33.059000
33.059000
33.059000
33.059000
33.059000
33.059000
33.059000
33.059000
33.059167
33.059167
33.059167
33.059167
33.059167
33.059167
33.059333
33.059333
33.059333
33.059333
33.059333
33.059500
33.059500
33.059500
33.059500
33.059500
33.059500
33.059500
33.059500
33.059500
33.059667
33.059667
33.059667
33.059667
33.060000
33.060000
33.060000
33.060000
33.060000
33.060000
33.060000
33.060167
33.060167
33.060333
33.060333
33.060333
33.060333
33.060333
33.060333
33.060333
33.060500
33.060500
33.060500
33.060500
33.060500
33.060500
33.060500
33.060667
33.060667
33.060667
33.060667
33.060667
33.060833
33.060833
33.060833
33.060833
33.060833
33.060833
33.061000
33.061000
33.061000
33.061000
33.061000
33.061000
33.061000
33.061000
33.061167
33.061167
33.061333
33.061333
33.061333
33.061333
33.061333
33.061333
33.061333
33.061333
33.061500
33.061500
33.061500
33.061500
33.061500
33.061500
33.061500
33.061500
33.061667
33.061667
33.061667
33.061667
33.061667
33.061833
33.061833
33.061833
33.061833
33.062000
33.062000
33.062000
33.062000
33.062167
33.062167
33.062167
33.062167
33.062167
33.062167
33.062333
33.062333
33.062333
33.062333
33.062333
33.062500
33.062500
33.062500
33.062500
33.062500
33.062667
33.062667
33.062667
33.062667
33.062667
33.062667
33.062833
33.062833
33.062833
33.062833
33.062833
33.062833
33.063000
33.063000
33.063167
33.063167
33.063167
33.063333
33.063333
33.063333
33.063333
33.063333
33.063333
33.063333
33.063500
33.063500
33.063500
33.063500
33.063500
33.063667
33.063667
33.063667
33.063667
33.063667
33.063667
33.063667
33.063833
33.063833
33.063833
33.063833
33.063833
33.063833
33.064000
33.064000
33.064000
33.064000
33.064000
33.064000
33.064000
33.064000
33.064000
33.064000
33.064167
33.064167
33.064167
33.064167
33.064167
33.064167
33.064167
33.064167
33.064333
33.064333
33.064333
33.064333
33.064333
33.064333
33.064500
33.064500
33.064500
33.064500
33.064667
33.064667
33.064667
33.064667
33.064667
33.064667
33.064667
33.064667
33.064667
33.064833
33.064833
33.065000
33.065000
33.065000
33.065000
33.065000
33.065000
33.065000
33.065167
33.065167
33.065333
33.065333
33.065333
33.065333
33.065333
33.065333
33.065333
33.065500
33.065500
33.065667
33.065667
33.065667
33.065833
33.065833
33.065833
33.065833
33.065833
33.065833
33.065833
33.065833
33.066000
33.066000
33.066000
33.066000
33.066000
33.066000
33.066000
33.066167
33.066167
33.066167
33.066167
33.066167
33.066167
33.066167
33.066167
33.066333
33.066333
33.066333
33.066333
33.066333
33.066500
33.066500
33.066667
33.066667
33.066667
33.066667
33.066667
33.066700
33.066833
33.066833
33.067000
33.067000
33.067000
33.067000
33.067000
33.067167
33.067167
33.067333
33.067333
33.067333
33.067333
33.067333
33.067500
33.067500
33.067500
33.067500
33.067500
33.067500
33.067500
33.067667
33.067667
33.067667
33.067667
33.067667
33.067667
33.067667
33.067667
33.067833
33.067833
33.067833
33.067833
33.068000
33.068000
33.068000
33.068000
33.068167
33.068300
33.068333
33.068333
33.068333
33.068500
33.068500
33.068500
33.068500
33.068667
33.068667
33.068667
33.068667
33.068667
33.068667
33.068833
33.068833
33.068833
33.068833
33.068833
33.069000
33.069000
33.069167
33.069167
33.069168
33.069332
33.069333
33.069333
33.069333
33.069333
33.069333
33.069667
33.069667
33.069833
33.069833
33.069833
33.069833
33.070000
33.070167
33.070167
33.070167
33.070333
33.070333
33.070333
33.070500
33.070500
33.070500
33.070667
33.070667
33.070667
33.070833
33.070833
33.071000
33.071000
33.071000
33.071000
33.071000
33.071167
33.071167
33.071167
33.071333
33.071333
33.071333
33.071500
33.071500
33.071500
33.071667
33.071667
33.071667
33.071667
33.071667
33.071833
33.071833
33.071833
33.071833
33.071833
33.071833
33.072333
33.072333
33.072500
33.072500
33.072500
33.072500
33.072500
33.072500
33.072667
33.072833
33.072833
33.072833
33.073000
33.073167
33.073167
33.073167
33.073167
33.073167
33.073333
33.073333
33.073333
33.073500
33.073500
33.073500
33.073667
33.073833
33.074333
33.074500
33.074500
33.074500
33.074667
33.074667
33.074833
33.074833
33.074833
33.075000
33.075167
33.075167
33.075333
33.075500
33.075500
33.075500
33.075500
33.076000
33.076167
33.076167
33.076167
33.076333
33.076333
33.076667
33.076667
33.076667
33.076833
33.077333
33.077333
33.077500
33.077667
33.077667
33.077667
33.077833
33.078000
33.078833
33.079667
33.079833
33.080333
33.081667
33.082333
33.082333
33.084000
33.084833
33.085167
33.086333
33.088833
33.092167
33.092667
33.094167
33.094167
33.095167
33.096333
33.096667
33.096833
33.097000
33.097500
33.099667
33.099667
33.100167
33.100167
33.100333
33.101000
33.101333
33.101500
33.101833
33.102333
33.102500
33.102833
33.102833
33.103167
33.103167
33.103167
33.103333
33.103667
33.103833
33.103833
33.104333
33.104667
33.104667
33.104833
33.105000
33.105000
33.105000
33.105167
33.105333
33.105500
33.105667
33.106000
33.106167
33.106667
33.106667
33.106833
33.106833
33.107167
33.107667
33.107833
33.107833
33.108000
33.108333
33.108333
33.108500
33.109167
33.109667
33.110333
33.110500
33.110833
33.111000
33.111167
33.112167
33.112167
33.112167
33.114833
33.120000
33.145500
33.152500
33.159167
33.161500
33.282833
33.434167
33.465833
33.485167
33.486500
33.486667
33.487167
33.489500
33.490167
33.490167
33.490500
33.490500
33.492500
33.586000
33.650833
33.695167
33.696500
33.699500
33.700333
33.759333
33.790000
33.790167
33.852000
33.853833
34.013333
34.046000
34.154833
34.231167
34.304667
34.326900
35.110333
35.416000
35.425500
35.428333
35.592333
35.608333
35.634167
35.638833
35.656333
35.659500
35.662000
35.666500
35.666667
35.680833
35.691833
35.708500
35.710833
35.730500
35.769500
35.842000
35.858667
35.861333
35.875500
35.883167
35.910500
35.949000
36.005000
36.005167
36.006333
36.020833
36.026833
36.096833
36.145000
36.149333
36.149500
36.225000
36.460500
36.461500
36.465333
36.467000
36.489000
36.489667
36.490000
36.549000
36.550333
36.763300
36.845800
37.056000
37.249333
37.493500
37.493667
37.495333
37.573667
37.594167
37.600667
37.623833
37.632333
37.640000
37.640000
37.641167
37.641500
37.641500
37.641833
37.641833
37.642333
37.642800
37.644167
37.644167
37.781500
38.106800
38.111200
38.115500
38.122500
38.123500
38.132000
38.135300
38.137300
38.137500
38.141200
38.143700
38.147500
38.148800
38.154000
38.155700
38.156500
38.157300
38.158300
38.158700
38.159200
38.159700
38.160800
38.163300
38.166000
38.169000
38.169500
38.172200
38.175800
38.179200
38.179700
38.179700
38.180000
38.182000
38.183000
38.183500
38.186700
38.186800
38.189500
38.196200
38.207800
38.209700
38.222300
38.229500
38.371500
38.375000
38.489333
38.492333
38.580700
38.671500
38.692200
38.695333
38.743833
38.752667
38.763167
38.770000
38.779499
38.788167
38.788167
38.788666
38.789501
38.801334
38.806500
38.807833
38.809667
38.809833
38.813332
38.814835
38.815166
38.817333
38.817333
38.818333
38.820000
38.827500
38.828999
38.829500
38.831167
38.831500
38.832165
38.832500
38.832668
38.833668
38.834167
38.834833
38.835667
38.843167
39.004500
39.106700
39.227600
39.368833
39.507167
39.700300
39.701900
39.721167
40.302833
40.312500
40.569200
40.609800
40.613700
41.339667
41.340833
41.555333
44.231000
44.286167
44.300500
44.306667
44.308000
44.308300
44.311833
44.312833
44.313500
44.316500
44.317000
44.357333
44.363600
44.369833
44.432667
44.525700
44.665167
44.769333
46.008000
46.201000
46.294833
46.334500
46.871667
47.462833
47.553167
47.561500
47.748500
47.756500
47.874833
51.178600
51.360600
51.403000
51.421300
51.430200
51.461000
51.505700
51.523500
51.696800
51.697000
51.732600
51.830600
51.852100
52.027400
52.033100
52.043833
52.067333
52.078833
52.132000
52.277700
52.698300
53.469800
53.550800
54.136167
54.166000
54.306100
54.514500
54.653600
54.780200
54.928100
54.975000
55.000800
55.326800
56.132100
56.350800
56.970200
57.776500
57.787100
58.161500
58.168167
58.184000
58.209667
58.238000
58.247167
58.248900
58.390000
58.475100
58.595900
58.922000
59.327100
59.538300
59.834500
59.835500
60.001900
60.009800
60.196500
60.328900
60.375200
60.399900
60.503400
60.523500
60.650500
60.720400
61.391700
61.407900
61.416800
61.422500
61.446400
61.493167
61.496600
61.502500
61.809500
62.246200
62.590200
63.014900
63.039500
63.118300
63.134700
63.272400
63.354200
63.411100
63.821200
64.264800
64.754000
64.915700
64.966300
64.978000
65.038600
65.234400
65.479400
65.930600
66.168200
66.252400
66.316700
66.323100
66.346100
66.361300
66.754900
67.247400
67.429600
67.718500
67.887600
