-62.457900
-62.335400
-62.335300
-62.334000
-62.325200
-62.305300
-60.415100
-55.514500
-33.699800
-33.582600
-33.004300
-29.256300
-28.883000
-27.729300
-24.881200
-24.267100
-21.033900
-20.874200
-19.634700
-19.470400
-18.182500
-18.147400
-18.095200
-17.783100
-17.169200
-17.104100
-17.084600
-17.025800
-17.013500
-16.065400
-15.150400
-11.429000
-9.763800
-9.627100
-9.455900
-7.164000
-6.946200
-6.851800
-6.701700
-5.483000
-4.595400
-2.476500
-0.752400
0.067700
1.107700
1.680700
3.078000
3.652700
3.873700
3.958800
4.031600
4.050900
5.112800
7.859900
9.132500
9.158100
9.209400
9.227200
9.511400
12.335200
12.342200
12.527200
13.400800
14.461100
16.161400
17.610800
17.820800
17.839600
17.842600
17.866600
17.877500
17.914300
17.917500
17.925600
17.927000
17.929000
17.929300
17.929600
17.930300
17.932100
17.932800
17.933100
17.933600
17.935000
17.935600
17.936000
17.937300
17.937500
17.939000
17.940000
17.940500
17.940800
17.941300
17.941500
17.941500
17.947500
17.947800
17.949000
17.961100
17.964000
17.978300
17.985000
17.986600
17.999500
18.006500
18.017800
18.025800
18.886500
19.063999
19.149500
19.163334
19.169167
19.173000
19.173500
19.177166
19.179832
19.199167
19.208166
19.214333
19.214333
19.217667
19.219667
19.223167
19.224333
19.226667
19.227667
19.228500
19.230167
19.239334
19.245500
19.315500
19.339666
19.345167
19.350167
19.352833
19.353333
19.361166
19.399500
19.400500
19.401167
19.401501
19.403999
19.407333
19.410166
19.410300
19.413334
19.417000
19.447666
19.464833
19.483334
19.484500
19.529333
19.892600
19.932833
20.003167
21.796700
22.134400
22.423600
22.430800
22.454200
24.865300
30.530500
31.392400
31.638300
32.103800
32.143000
32.271333
32.693667
32.704667
32.931667
32.939333
32.939833
32.985167
33.004000
33.011833
33.013833
33.017167
33.026667
33.028333
33.029333
33.031333
33.032667
33.032833
33.033000
33.033165
33.033333
33.033667
33.033833
33.034833
33.035667
33.035667
33.035833
33.035833
33.036000
33.037333
33.037666
33.037667
33.037667
33.037667
33.038000
33.038167
33.038333
33.038500
33.038500
33.038667
33.039000
33.039500
33.039500
33.039667
33.040167
33.040333
33.040667
33.041000
33.041000
33.041000
33.041167
33.041833
33.042000
33.042167
33.042333
33.042333
33.042667
33.043333
33.043500
33.043833
33.043833
33.044000
33.044167
33.044333
33.044333
33.044667
33.044833
33.045000
33.045333
33.045500
33.045833
33.045833
33.045833
33.046001
33.046167
33.046333
33.046333
33.046667
33.046667
33.046667
33.046833
33.046833
33.047000
33.047000
33.047667
33.047667
33.047833
33.047833
33.048333
33.048333
33.048500
33.048500
33.049333
33.049333
33.049500
33.049500
33.049667
33.049667
33.050167
33.050500
33.051000
33.051167
33.051333
33.051500
33.051833
33.052000
33.052167
33.052333
33.053000
33.053000
33.053333
33.053833
33.055500
33.055500
33.055500
33.056000
33.056167
33.056167
33.056500
33.056667
33.057000
33.057667
33.058333
33.059167
33.059333
33.071333
33.077000
33.091667
33.110000
33.116000
33.141833
33.164667
33.164667
33.165500
33.167167
33.168667
33.169667
33.170500
33.172667
33.178000
33.195167
33.196833
33.211333
33.232700
33.243400
33.284333
33.314500
33.321667
33.330667
33.337500
33.344833
33.351333
33.368667
33.378667
33.457500
33.482500
33.490500
33.493667
33.500500
33.502500
33.503833
33.504500
33.504833
33.506167
33.512500
33.516167
33.532333
33.556500
33.624500
33.625500
33.628500
33.628667
33.636833
33.646667
33.648167
33.652000
33.653000
33.659167
33.661167
33.662667
33.667833
33.668833
33.672167
33.684833
33.695833
33.701167
33.704167
33.706833
33.789333
33.789500
33.790167
33.790333
33.790333
33.817000
33.846333
33.867500
33.870333
33.875167
33.888000
33.888500
33.912167
33.914500
33.932000
33.942667
33.944167
33.976667
34.009000
34.034833
34.048333
34.107000
34.124000
34.125833
34.128000
34.233333
34.277833
34.330333
34.369500
34.500667
34.673167
34.723833
34.734000
34.827000
34.868667
34.870333
35.036000
35.039400
35.059833
35.068333
35.072500
35.073167
35.075167
35.120167
35.309000
35.349000
35.361167
35.419667
35.518500
35.529000
35.529667
35.541000
35.584167
35.592000
35.609167
35.610333
35.611500
35.617167
35.626833
35.629833
35.630500
35.631167
35.651000
35.651500
35.659500
35.659667
35.661900
35.663000
35.665500
35.666667
35.667333
35.669167
35.670500
35.670667
35.672000
35.673667
35.678500
35.686500
35.693167
35.695333
35.696167
35.697667
35.716167
35.745667
35.748833
35.762167
35.796500
35.797000
35.832833
35.835500
35.845500
35.850000
35.855167
35.856500
35.856667
35.859500
35.860833
35.861667
35.862667
35.862833
35.864833
35.865833
35.868833
35.869333
35.870000
35.870667
35.882500
35.901500
35.908833
35.912333
35.912833
35.923167
35.925333
35.947667
35.949167
35.955000
35.955333
35.963167
35.967167
35.967500
35.967500
35.969167
35.970000
35.985167
35.995000
35.997000
36.002500
36.010333
36.044667
36.061167
36.061833
36.065833
36.066500
36.069333
36.077000
36.095667
36.105833
36.106500
36.107167
36.108333
36.109000
36.112000
36.112500
36.114333
36.123833
36.140833
36.145333
36.163667
36.205167
36.212167
36.244167
36.255000
36.267167
36.273833
36.274500
36.275833
36.290667
36.292000
36.292500
36.305000
36.356000
36.372833
36.390833
36.415167
36.415333
36.415667
36.416667
36.417667
36.417667
36.432000
36.445667
36.464833
36.467667
36.468000
36.469333
36.472500
36.475500
36.486000
36.491333
36.494333
36.510167
36.522700
36.532167
36.577000
36.585000
36.696000
36.696000
36.700500
36.701167
36.757833
36.761333
36.764300
36.781833
36.841000
36.861000
36.871667
36.897833
36.968000
37.143833
37.380833
37.382200
37.416833
37.421100
37.450167
37.464500
37.491167
37.491833
37.492000
37.492167
37.492167
37.492333
37.492500
37.492667
37.493167
37.493333
37.493500
37.493500
37.493500
37.493833
37.493833
37.494000
37.494167
37.494333
37.494833
37.495167
37.495500
37.495833
37.496167
37.496500
37.496500
37.496667
37.496833
37.497333
37.497667
37.497833
37.498000
37.499000
37.514000
37.564833
37.581167
37.614167
37.620500
37.622000
37.622500
37.623833
37.624167
37.625500
37.634333
37.634500
37.634667
37.637167
37.637833
37.640800
37.644667
37.650500
37.652333
37.677167
37.683000
37.684333
37.688667
37.731667
37.828167
37.829333
37.830833
37.831833
37.857833
37.858167
37.868167
37.907333
37.921500
38.035700
38.038833
38.052000
38.079700
38.082300
38.083000
38.096700
38.098700
38.109700
38.115700
38.116000
38.118167
38.122200
38.122500
38.123167
38.126500
38.127000
38.132800
38.133200
38.133700
38.135800
38.137500
38.137500
38.138000
38.139000
38.139200
38.139300
38.140700
38.141800
38.143000
38.143700
38.144300
38.144500
38.145000
38.145300
38.146200
38.147000
38.147700
38.147800
38.148000
38.150200
38.150200
38.150800
38.152200
38.152300
38.152500
38.153000
38.153500
38.154500
38.155200
38.155300
38.156300
38.156300
38.156700
38.157000
38.157800
38.159000
38.159500
38.159500
38.159900
38.160800
38.161000
38.161000
38.161300
38.161300
38.161700
38.161800
38.162300
38.162500
38.164000
38.164000
38.164300
38.166200
38.166300
38.166700
38.166800
38.167000
38.167200
38.167700
38.167800
38.169300
38.170800
38.173200
38.173700
38.174500
38.175000
38.175200
38.179300
38.179300
38.180300
38.181500
38.182200
38.182200
38.182500
38.182700
38.183100
38.183800
38.184700
38.184700
38.185300
38.186200
38.189800
38.191200
38.191200
38.193800
38.194300
38.195200
38.198500
38.199800
38.206300
38.206700
38.213700
38.213700
38.215000
38.215200
38.221833
38.249500
38.249800
38.288800
38.356400
38.363900
38.466200
38.549333
38.589000
38.661333
38.683800
38.690200
38.692000
38.694800
38.695300
38.696800
38.697700
38.730335
38.751000
38.754500
38.757500
38.758167
38.764668
38.765499
38.768167
38.783600
38.784832
38.789500
38.790501
38.791332
38.793000
38.793500
38.794834
38.795334
38.796001
38.796500
38.797165
38.797501
38.800335
38.803001
38.805000
38.805332
38.806999
38.807167
38.808166
38.809833
38.810001
38.810165
38.810165
38.811333
38.812000
38.812668
38.813000
38.813835
38.813999
38.816334
38.816833
38.816833
38.817001
38.817333
38.817833
38.819833
38.819833
38.820332
38.820667
38.821499
38.821499
38.821835
38.822000
38.822498
38.822666
38.823334
38.824333
38.825000
38.825001
38.826167
38.826833
38.827499
38.827500
38.828833
38.829498
38.832000
38.833667
38.834000
38.834499
38.834667
38.835500
38.835833
38.835834
38.835999
38.836333
38.837666
38.837833
38.838501
38.839167
38.840668
38.841667
38.842835
38.842999
38.846667
38.896000
38.969167
38.977667
39.033400
39.036000
39.118100
39.152300
39.158300
39.225300
39.331400
39.354900
39.361167
39.382500
39.382800
39.401700
39.412167
39.595900
39.644333
39.846333
39.985000
39.998900
40.102500
40.290500
40.295500
40.331833
40.366667
40.377500
40.483333
40.495167
40.726500
40.743000
40.760500
41.284667
41.336000
41.339667
41.340500
41.354300
41.401700
41.535333
41.554500
41.620800
41.638100
41.850800
41.902833
41.911500
41.919000
42.816300
42.854700
43.625167
43.715667
43.991000
44.124400
44.131000
44.223000
44.257333
44.268167
44.274333
44.275667
44.276500
44.287667
44.288667
44.295833
44.297333
44.301667
44.307833
44.308833
44.313167
44.331333
44.360333
44.363667
44.366167
44.369500
44.374833
44.378333
44.380167
44.402833
44.440167
44.470000
44.485833
44.492700
44.502800
44.519667
44.526667
44.559167
44.683333
44.817667
44.843167
45.161167
45.182500
45.331333
45.624000
45.856833
45.868167
45.996833
46.001700
46.057500
46.196000
46.289333
46.322333
46.474167
46.524667
46.745833
46.830833
46.836333
46.843167
46.845000
46.846167
46.852333
46.854000
46.856833
46.861833
46.868000
46.922000
46.925500
46.976333
47.061000
47.070333
47.324500
47.472000
47.505667
47.542500
47.591833
47.738333
48.063333
48.160400
48.286667
48.348667
48.681667
48.709667
48.940833
48.949333
48.966500
48.966833
48.973333
50.980800
51.216000
51.265600
51.345500
51.362200
51.387600
51.407200
51.475800
51.484800
51.509900
51.547200
51.566500
51.632000
51.683600
51.700900
51.748700
51.756800
51.828700
51.831000
51.851167
51.858200
51.861167
51.869333
51.870833
51.871167
51.871167
51.871833
51.893800
51.911600
51.934667
51.965000
51.971600
52.031600
52.070333
52.074333
52.075500
52.108800
52.277300
53.421500
53.585300
53.596400
53.791900
53.851900
53.860900
53.866500
53.867167
53.884500
53.972300
54.312700
54.350000
54.421900
54.622500
54.651000
54.668300
54.672400
54.709500
54.791300
54.825800
54.855200
54.858100
54.893500
54.895500
54.903100
54.913300
54.925500
54.926600
55.006400
55.112000
55.120700
55.151400
55.176700
55.292167
55.466000
55.480000
55.958100
56.306200
56.643300
56.995100
57.135000
57.449900
58.172667
58.177000
58.255667
58.264400
58.286667
58.315167
58.358000
58.360600
58.371500
58.377833
58.380333
58.385500
58.386333
58.392167
58.497600
58.815700
58.866400
58.965100
59.140900
59.476100
59.528500
59.538900
59.543400
59.562700
59.625600
59.728600
59.789600
59.795100
59.796400
59.798900
59.841300
59.868000
59.887000
59.996600
60.015800
60.027600
60.033000
60.058300
60.078600
60.090200
60.126300
60.127000
60.128000
60.164500
60.174100
60.174400
60.198000
60.207400
60.207500
60.212100
60.229400
60.243800
60.343100
60.413600
60.427400
60.442600
60.518500
60.546200
60.608100
60.674000
60.680100
60.720200
60.729300
60.743300
60.757600
60.841300
60.873800
60.920100
60.921600
60.932800
60.984900
60.988800
60.996700
61.057200
61.065300
61.065800
61.083400
61.087000
61.107200
61.177000
61.179800
61.190600
61.225900
61.237100
61.241700
61.279700
61.321500
61.323600
61.352100
61.370400
61.373800
61.374700
61.410000
61.467900
61.479200
61.481900
61.491800
61.498400
61.501200
61.505200
61.514100
61.515400
61.521400
61.522800
61.532700
61.533300
61.533500
61.642100
61.676800
61.684900
61.691000
61.723600
61.763700
61.769300
61.810500
61.815200
61.833200
61.933900
61.963100
62.018200
62.037900
62.046100
62.055200
62.056100
62.058800
62.070700
62.158900
62.176400
62.183100
62.186100
62.188600
62.380700
62.396700
62.403400
62.460100
62.464900
62.616000
62.628500
62.801600
62.826800
62.827700
62.896400
62.916600
62.995100
62.998100
63.005000
63.015300
63.017900
63.059100
63.089400
63.148600
63.177300
63.192700
63.291100
63.292100
63.316300
63.339500
63.350700
63.378100
63.420400
63.423200
63.423700
63.424400
63.461200
63.463100
63.464600
63.466200
63.473200
63.485000
63.491300
63.567100
63.584300
63.648500
63.650000
63.783700
63.934200
64.363400
64.403700
64.406200
64.552400
64.607500
64.697700
64.733900
64.914400
64.935500
64.952500
64.954400
64.976400
64.981300
65.187600
65.264200
65.491000
66.204700
66.209600
66.284100
66.287000
66.301400
66.312000
66.324900
66.338400
66.345300
66.347100
66.347400
66.351000
66.351400
66.354000
66.363600
66.537100
66.548200
66.795600
66.925400
67.075000
67.315800
67.347800
67.357800
67.358100
67.992100
68.000200
68.110000
68.543300
68.543300
68.545200
68.559900
68.562900
68.567700
68.568400
68.568400
68.572500
68.579600
68.872300
69.376800
69.389900
69.394900
69.475300
69.486500
69.514800
69.574500
78.988200
