-62.343700
-62.133500
-60.317600
-60.300600
-57.462500
-57.197800
-48.983700
-48.031400
-39.178100
-33.808200
-33.653700
-32.881600
-32.017100
-22.181200
-22.074500
-18.738800
-17.992500
-17.750700
-10.910300
-10.909800
-10.614500
-10.241400
-9.890400
-8.911500
-8.537900
-6.607900
-6.115800
-5.657700
-3.280400
-2.866100
1.963300
2.528500
6.287700
6.623600
7.718300
7.739000
9.189500
9.727300
13.908800
13.999500
14.184400
14.637500
17.670300
17.840600
17.844300
17.869100
17.885300
17.889100
17.891100
17.897500
17.907100
17.910800
17.912100
17.914300
17.915100
17.916300
17.924100
17.925600
17.927300
17.927300
17.928000
17.928000
17.928800
17.928800
17.930000
17.931100
17.932800
17.933100
17.933600
17.936100
17.936500
17.936800
17.937100
17.937800
17.938000
17.939300
17.940500
17.941000
17.942600
17.943500
17.946000
17.946300
17.948500
17.948500
17.954100
17.954800
17.957100
17.961500
17.967600
17.970600
17.988400
17.998800
18.018500
18.021300
18.024800
18.132400
18.201300
18.456900
19.146999
19.150999
19.152834
19.161667
19.165333
19.165667
19.184500
19.196333
19.200333
19.203333
19.222834
19.223833
19.224501
19.234167
19.238832
19.290667
19.326666
19.341333
19.345500
19.368500
19.369333
19.369500
19.370333
19.384667
19.401833
19.405500
19.410000
19.414000
19.420834
19.425833
19.433167
19.438667
19.440600
19.469333
19.475000
19.484667
19.505501
19.511499
19.670300
19.828333
22.393200
23.882700
24.647000
26.192900
28.060800
28.822200
31.520667
31.658700
31.659400
31.661100
32.089500
32.149833
32.405300
32.805667
32.858833
32.862667
32.938667
33.020833
33.050000
33.055167
33.087167
33.134333
33.146167
33.172667
33.177833
33.183667
33.209200
33.259833
33.315167
33.315500
33.315667
33.347167
33.348833
33.388833
33.434000
33.434667
33.436000
33.436333
33.437167
33.438667
33.439167
33.439333
33.455167
33.457500
33.469333
33.480667
33.481333
33.486000
33.488000
33.488333
33.488333
33.489167
33.489667
33.489833
33.490000
33.490000
33.490500
33.490667
33.491000
33.491333
33.491500
33.491500
33.491833
33.492000
33.492333
33.492500
33.492667
33.492833
33.493000
33.493167
33.493333
33.493667
33.493833
33.494167
33.494500
33.494500
33.494833
33.496000
33.497667
33.498500
33.501000
33.502833
33.506000
33.551500
33.554333
33.577167
33.579833
33.592500
33.617667
33.619833
33.619833
33.621500
33.622333
33.622500
33.622500
33.622500
33.623500
33.623667
33.623833
33.623833
33.624167
33.624167
33.624333
33.624500
33.625333
33.625667
33.627167
33.636500
33.674000
33.675333
33.675500
33.689000
33.689167
33.690500
33.696833
33.697333
33.705000
33.848833
33.853333
33.870333
33.894667
33.912167
33.947000
33.948167
33.949167
33.960167
33.988000
34.006667
34.011000
34.019333
34.021833
34.038000
34.047833
34.057500
34.057833
34.075667
34.092167
34.149400
34.187667
34.201000
34.201667
34.231000
34.246833
34.252000
34.263800
34.298000
34.322000
34.323833
34.399500
34.497000
34.526000
34.666000
34.678900
34.799833
34.928333
34.953500
35.026500
35.072100
35.074000
35.130500
35.363333
35.370167
35.404000
35.433500
35.439833
35.442833
35.448500
35.536000
35.538167
35.563167
35.565000
35.565833
35.589167
35.598167
35.599500
35.604500
35.605500
35.605500
35.628167
35.648500
35.651833
35.651833
35.652000
35.652000
35.652500
35.654667
35.655500
35.659500
35.659833
35.662667
35.663500
35.665167
35.668167
35.668167
35.669167
35.671333
35.671333
35.673833
35.674000
35.674500
35.675000
35.676667
35.681667
35.682000
35.685500
35.689667
35.691500
35.691500
35.691667
35.692000
35.693000
35.694333
35.698500
35.702333
35.703833
35.724500
35.735833
35.741000
35.741500
35.757833
35.760333
35.761000
35.761667
35.772833
35.783667
35.784667
35.787000
35.797333
35.803833
35.830100
35.830667
35.853500
35.863000
35.867167
35.880333
35.891500
35.891500
35.893000
35.903167
35.905667
35.906000
35.906167
35.909333
35.909500
35.910833
35.912333
35.924000
35.949833
35.950667
35.956500
35.966000
35.977667
35.978833
35.979000
35.980667
35.981667
36.015400
36.033500
36.033833
36.035000
36.035000
36.036167
36.037333
36.038000
36.058000
36.088167
36.091333
36.112000
36.113833
36.122833
36.155000
36.204167
36.208167
36.234000
36.243667
36.244167
36.262500
36.279000
36.281833
36.283667
36.284667
36.285833
36.292667
36.294500
36.294833
36.295500
36.297500
36.299000
36.301300
36.318833
36.341500
36.361167
36.361167
36.364167
36.442500
36.447167
36.460167
36.469833
36.479833
36.480333
36.481167
36.484167
36.485833
36.496833
36.528667
36.534500
36.563667
36.624500
36.690833
36.776500
36.867833
36.877000
36.877000
36.902167
36.914500
36.918000
36.922000
36.925333
36.928667
36.929333
36.963333
37.203000
37.220400
37.356000
37.364500
37.402600
37.414167
37.438667
37.456167
37.491333
37.491667
37.492500
37.519500
37.569667
37.604167
37.605167
37.616500
37.620000
37.620167
37.620833
37.621000
37.621000
37.623000
37.625000
37.625167
37.626333
37.626833
37.632667
37.633833
37.633833
37.634000
37.634333
37.634500
37.634667
37.634833
37.635167
37.635333
37.636500
37.637000
37.638167
37.638167
37.639333
37.639667
37.639667
37.640167
37.640500
37.640667
37.641000
37.652167
37.659167
37.661333
37.665167
37.673333
37.679667
37.681667
37.682500
37.683000
37.684333
37.684667
37.685167
37.685833
37.686000
37.686333
37.686667
37.687333
37.689167
37.690167
37.696333
37.726333
37.834000
37.959000
38.026500
38.026800
38.027700
38.036800
38.039500
38.041667
38.053500
38.071200
38.081500
38.085200
38.095200
38.103000
38.113000
38.116300
38.117700
38.118000
38.120000
38.123300
38.123800
38.125300
38.126800
38.127500
38.128800
38.131000
38.132800
38.133100
38.133200
38.134300
38.134700
38.134700
38.135000
38.135200
38.136900
38.137300
38.137500
38.138000
38.140500
38.141700
38.141800
38.142700
38.142700
38.143200
38.143500
38.143700
38.143800
38.144500
38.145200
38.145300
38.145900
38.147000
38.147300
38.149000
38.150800
38.151000
38.151200
38.153500
38.154000
38.155300
38.155800
38.156000
38.157800
38.158700
38.159000
38.159000
38.159500
38.159700
38.159700
38.161000
38.162300
38.162300
38.162500
38.163000
38.163200
38.163500
38.164300
38.164800
38.165700
38.167800
38.168300
38.168500
38.169300
38.169700
38.169700
38.169700
38.170000
38.170500
38.171000
38.171000
38.171200
38.171200
38.171500
38.171700
38.172300
38.172500
38.173700
38.175200
38.176200
38.176500
38.176500
38.176600
38.176800
38.177300
38.179300
38.179700
38.180100
38.180200
38.181800
38.182000
38.183000
38.183600
38.184300
38.184700
38.187000
38.189000
38.191300
38.192000
38.193700
38.198100
38.198700
38.199500
38.200300
38.203500
38.203600
38.206000
38.207000
38.213200
38.213500
38.214200
38.217800
38.218700
38.220800
38.228300
38.230167
38.230700
38.231700
38.234000
38.274700
38.336300
38.517333
38.552900
38.587167
38.670500
38.673000
38.674700
38.675667
38.694100
38.702167
38.739000
38.747500
38.755667
38.758500
38.760333
38.763168
38.763333
38.763333
38.774900
38.775665
38.779999
38.781800
38.786335
38.789166
38.789500
38.789665
38.791168
38.791333
38.794666
38.797501
38.802000
38.805000
38.806000
38.806332
38.806833
38.807167
38.807667
38.810833
38.813667
38.816666
38.816833
38.817333
38.818333
38.819668
38.819833
38.820000
38.820167
38.820667
38.821167
38.822666
38.823666
38.823833
38.824833
38.824833
38.825667
38.825832
38.828333
38.830833
38.832167
38.832668
38.832832
38.833832
38.834331
38.834667
38.835500
38.836000
38.836498
38.837167
38.837666
38.839667
38.840332
38.841499
38.842167
38.844833
39.026500
39.061667
39.067700
39.222900
39.360500
39.361333
39.365167
39.367167
39.367333
39.402200
39.406600
39.410800
39.436333
39.471667
39.488000
39.525300
39.545100
39.584600
39.604100
39.604500
39.614200
39.645200
39.694500
39.719833
39.906000
39.944800
39.988500
39.999200
40.005000
40.012000
40.016800
40.025400
40.041600
40.094100
40.098300
40.101100
40.101900
40.141667
40.367167
40.492200
40.616900
40.664000
40.666833
40.750833
40.751500
40.758333
40.767167
40.879000
41.414667
41.447500
41.636333
41.841667
41.873167
41.911333
41.988833
41.991000
42.857300
43.008200
43.403800
43.543667
44.116000
44.122500
44.280833
44.289000
44.290833
44.299333
44.318500
44.332000
44.335667
44.355500
44.373700
44.378333
44.409667
44.410000
44.450833
44.457167
44.518667
44.525500
44.681000
44.686167
44.739000
44.741500
44.744333
44.753333
44.944167
45.048333
45.319000
45.320167
45.553333
45.699500
45.945833
46.319500
46.558333
46.821167
46.886833
46.958333
47.122400
47.169400
47.290000
47.410833
47.485000
47.565500
47.574833
47.669000
47.733000
47.735500
48.335667
48.546500
48.619167
48.621667
48.623500
48.626500
48.627667
48.956667
49.173100
49.415100
50.195400
50.294400
50.825200
50.945500
51.021800
51.025700
51.029700
51.050200
51.059900
51.075700
51.089100
51.095200
51.109500
51.190000
51.207200
51.218100
51.259000
51.260300
51.312800
51.400700
51.411100
51.411400
51.461000
51.474700
51.484000
51.489000
51.502400
51.515400
51.517300
51.522400
51.542600
51.604300
51.607000
51.627200
51.666900
51.676000
51.687500
51.690600
51.695800
51.718833
51.729800
51.736600
51.792000
51.817000
51.850333
51.855500
51.862333
51.862333
51.866100
51.867400
51.873400
51.879700
51.880000
51.917800
51.920600
51.922333
51.928000
51.928833
51.934100
51.942800
51.974200
51.978600
51.981200
51.994500
52.015500
52.023500
52.028167
52.030500
52.032333
52.033167
52.033333
52.035000
52.035667
52.036000
52.036333
52.037833
52.037833
52.040833
52.044300
52.047333
52.056333
52.064833
52.065500
52.071667
52.082000
52.087900
52.098900
52.100200
52.135100
52.161700
52.173400
52.220333
52.231600
52.238600
53.116700
53.361500
53.400000
53.451333
53.542300
53.705800
53.780200
53.842800
53.853000
53.981400
54.059000
54.139900
54.295500
54.413500
54.413800
54.445000
54.502700
54.563200
54.624100
54.768300
54.788500
54.828800
54.830000
54.915300
55.035400
55.128300
55.156200
55.219400
55.392833
55.410900
55.499300
55.542100
55.632600
55.638000
55.928700
56.136500
56.318500
56.495100
56.550900
56.735200
56.851333
56.861800
57.297100
57.424300
57.700900
57.815667
58.058400
58.130300
58.154900
58.163000
58.169400
58.169667
58.187167
58.191167
58.237167
58.240667
58.242333
58.244167
58.249667
58.274833
58.274833
58.279833
58.293333
58.299000
58.299167
58.304500
58.343000
58.367500
58.383500
58.385833
58.386500
58.601000
58.654400
58.702000
58.763700
59.045900
59.095600
59.186200
59.232700
59.442400
59.469300
59.480900
59.484300
59.489600
59.512900
59.554100
59.568900
59.634700
59.650600
59.653100
59.667700
59.674700
59.737800
59.798100
59.838600
59.842700
59.847500
59.855100
59.890200
59.917400
59.945200
59.958200
59.964800
59.967400
59.969800
59.973900
59.989100
59.998300
60.016500
60.019500
60.038000
60.047300
60.052000
60.072400
60.097100
60.114000
60.114000
60.122300
60.125700
60.152000
60.162100
60.164600
60.195300
60.198000
60.206200
60.318100
60.335000
60.441000
60.456900
60.465700
60.468400
60.470900
60.507200
60.514300
60.599800
60.620300
60.632000
60.637300
60.651300
60.675700
60.681000
60.824800
60.854600
60.905100
60.997500
61.008400
61.044300
61.060700
61.061400
61.067100
61.083100
61.084000
61.088200
61.139900
61.140000
61.155200
61.157400
61.165000
61.165300
61.165400
61.193400
61.194800
61.231800
61.245400
61.252200
61.266900
61.321600
61.323800
61.344600
61.355700
61.357600
61.388200
61.417800
61.421200
61.429800
61.429900
61.432300
61.439100
61.443600
61.461100
61.483800
61.487300
61.508400
61.524500
61.539800
61.548200
61.551700
61.557500
61.566900
61.583100
61.585900
61.610700
61.616500
61.619700
61.619700
61.650800
61.678100
61.680300
61.704200
61.707500
61.728600
61.731900
61.738100
61.777500
61.779800
61.792600
61.793500
61.801300
61.838500
61.861100
61.923500
61.933200
61.952600
62.029000
62.075500
62.092700
62.156300
62.184000
62.271800
62.273800
62.301700
62.321900
62.326800
62.371800
62.396900
62.415600
62.472100
62.507300
62.569500
62.601800
62.617900
62.668800
62.669400
62.745800
62.842600
62.865900
62.873800
62.905800
62.908800
62.974500
63.018500
63.051500
63.058600
63.172600
63.261800
63.272800
63.272800
63.276500
63.277600
63.284500
63.293800
63.298600
63.317000
63.408800
63.416300
63.451600
63.455900
63.459300
63.465100
63.483800
63.529000
63.550600
63.552500
63.553400
63.563800
63.575100
63.678700
63.689100
63.690800
63.747900
63.775700
63.817800
63.844900
64.020300
64.041500
64.061000
64.258600
64.267800
64.396800
64.491200
64.511300
64.552300
64.640500
64.703600
64.713700
64.728000
64.738500
64.800600
64.849200
64.872700
64.940300
64.952700
64.970600
64.976400
64.984500
65.073600
65.171100
65.196300
65.206000
65.261100
65.314300
65.337500
65.425400
65.459000
65.490500
65.744200
65.759700
65.858000
65.971100
66.122200
66.284900
66.317400
66.322200
66.344600
66.519700
66.557100
66.567800
66.964000
67.084500
67.169400
67.347600
67.387400
67.651500
67.955300
67.965400
67.978500
68.048600
68.113400
68.531900
68.548800
68.563100
68.712100
68.771200
69.110500
69.368800
69.380700
69.392000
69.395000
69.523800
75.812700
