-64.926800
-62.443700
-62.310300
-62.094900
-42.208000
-37.647600
-37.523800
-28.466400
-27.446700
-24.371000
-24.197500
-21.014700
-20.983400
-20.903400
-20.864800
-20.558900
-20.410100
-20.134000
-18.492900
-17.548500
-17.365200
-17.348700
-17.030500
-16.146000
-15.626600
-15.169100
-15.143400
-15.071300
-13.618100
-11.564000
-10.818900
-8.921500
-8.796500
-7.200300
-7.118700
-7.113800
-6.602400
-6.327500
-5.656100
-4.471200
-4.193400
-4.083200
-4.042600
-4.041400
-2.680900
-0.080700
0.732500
1.318200
1.948200
1.980300
2.011800
2.398900
2.419400
2.444200
2.454600
2.526600
2.586000
2.741900
4.141000
4.465500
5.153300
5.671800
5.876100
6.681100
6.762100
9.227400
9.261400
9.407200
9.488300
12.737000
12.803600
13.044700
13.688800
13.985500
14.776700
17.419700
17.878000
17.884000
17.884500
17.885100
17.901800
17.922100
17.923000
17.927600
17.929000
17.935500
17.937800
17.940100
17.944600
17.944800
17.948100
17.952600
17.955800
17.957500
17.959500
17.959600
17.967300
17.970100
17.973000
17.974100
17.977800
17.995100
18.003000
18.008000
18.008300
18.008800
18.029100
18.138800
18.513000
18.672100
18.922800
18.964800
19.053300
19.130333
19.142334
19.143167
19.147499
19.162666
19.169333
19.174334
19.178833
19.179333
19.181667
19.185167
19.189501
19.194666
19.195499
19.195667
19.196167
19.197166
19.200000
19.202333
19.205334
19.206333
19.207833
19.210167
19.212500
19.213499
19.214500
19.217167
19.226500
19.231501
19.236833
19.258167
19.275000
19.305834
19.359333
19.360167
19.370501
19.375500
19.378834
19.379499
19.379833
19.382000
19.383333
19.383500
19.396334
19.396833
19.400333
19.401667
19.402834
19.405333
19.406666
19.406833
19.407333
19.407333
19.407833
19.408333
19.408333
19.409334
19.410667
19.411333
19.411500
19.413500
19.415501
19.419333
19.419833
19.420666
19.429000
19.429667
19.429667
19.433000
19.452000
19.465334
19.472500
19.474500
19.475500
19.479500
19.523000
19.577000
19.622999
19.647800
19.881700
22.798800
22.990000
23.918800
23.986500
26.280300
27.796500
31.488000
31.532333
32.288000
32.336667
32.633167
32.633833
32.776167
32.781833
32.783667
32.784833
32.787833
32.791000
32.796000
32.800500
32.824167
32.936667
32.937667
32.941333
32.941833
32.942167
33.000833
33.024333
33.042167
33.047500
33.128167
33.145333
33.165500
33.182667
33.206167
33.208833
33.220833
33.232833
33.251667
33.258333
33.313833
33.320167
33.339667
33.358667
33.443833
33.448167
33.450667
33.452500
33.460167
33.466000
33.477500
33.496667
33.499500
33.502833
33.509500
33.565667
33.589500
33.589833
33.590000
33.590333
33.595167
33.597000
33.598167
33.608500
33.619333
33.629000
33.631333
33.631667
33.644667
33.655500
33.657167
33.667333
33.668000
33.678500
33.678833
33.682833
33.685833
33.689167
33.693500
33.698500
33.701000
33.701833
33.709833
33.710167
33.714500
33.715167
33.719333
33.720833
33.755167
33.773667
33.796167
33.852833
33.853833
33.861500
33.865000
33.866500
33.875500
33.883000
33.913000
33.916000
33.923833
33.997333
34.002000
34.012833
34.038000
34.038500
34.040667
34.041500
34.041833
34.042667
34.046333
34.046333
34.048000
34.049667
34.050167
34.059000
34.062500
34.065500
34.066667
34.067500
34.067667
34.067667
34.071333
34.122700
34.127167
34.127833
34.128334
34.162500
34.165000
34.208000
34.244833
34.279833
34.420833
34.430000
34.431833
34.435167
34.438667
34.439000
34.444667
34.447500
34.565167
34.745500
34.945000
34.964900
34.974000
35.032333
35.034667
35.059667
35.113667
35.116333
35.118333
35.201333
35.247000
35.354500
35.357167
35.361833
35.413167
35.497667
35.582833
35.582833
35.589167
35.602833
35.603333
35.609333
35.611000
35.626000
35.629667
35.636333
35.639000
35.640833
35.642000
35.659500
35.660000
35.661000
35.662500
35.665167
35.665333
35.665833
35.667833
35.668500
35.671333
35.675000
35.675333
35.676000
35.677167
35.678333
35.678667
35.680333
35.682833
35.683667
35.691833
35.692333
35.692667
35.693333
35.706833
35.710833
35.712667
35.713667
35.715333
35.715833
35.716833
35.723000
35.739333
35.740833
35.745000
35.752667
35.775000
35.777333
35.777667
35.779500
35.780500
35.783167
35.794000
35.799000
35.802500
35.805667
35.824000
35.824167
35.824667
35.831333
35.855333
35.857167
35.860833
35.861833
35.861833
35.862000
35.862167
35.862333
35.862833
35.864833
35.866167
35.877833
35.877833
35.883833
35.890167
35.890333
35.896833
35.902667
35.903667
35.904000
35.906500
35.907000
35.908167
35.908833
35.909000
35.909167
35.910000
35.912498
35.912500
35.912667
35.912833
35.914833
35.915000
35.920000
35.923000
35.935000
35.940333
35.954500
35.955833
35.956833
35.957667
35.976167
35.988833
35.992000
36.024333
36.030833
36.074833
36.084000
36.085667
36.093833
36.097667
36.111667
36.128833
36.132000
36.132167
36.132500
36.180333
36.187833
36.226500
36.269167
36.270167
36.274500
36.278167
36.280667
36.326333
36.331167
36.351500
36.357167
36.358167
36.358333
36.415000
36.449000
36.479500
36.482833
36.484833
36.486667
36.505667
36.510333
36.561667
36.600667
36.614500
36.643500
36.646833
36.665833
36.718000
36.744667
36.784900
36.786667
36.856167
36.866000
36.868167
36.868500
36.868833
36.873500
36.873833
37.031900
37.063167
37.111200
37.117500
37.186000
37.291000
37.473500
37.495500
37.522667
37.538667
37.555667
37.570500
37.581833
37.588833
37.598667
37.612833
37.620500
37.632167
37.633000
37.633167
37.633167
37.633500
37.633833
37.633833
37.634833
37.635000
37.635000
37.635333
37.635333
37.636000
37.638167
37.638500
37.638833
37.639000
37.640167
37.640333
37.640667
37.642000
37.644500
37.649833
37.652500
37.660833
37.667333
37.670000
37.673667
37.673833
37.736500
37.900500
37.911167
37.925167
37.959167
37.963667
37.972300
37.978800
37.980200
38.004667
38.017700
38.019200
38.037167
38.082700
38.108700
38.122500
38.124200
38.126300
38.133300
38.135600
38.136700
38.137000
38.137200
38.137800
38.138700
38.139800
38.140400
38.140800
38.141000
38.142000
38.142200
38.145000
38.145000
38.146700
38.147800
38.148800
38.149300
38.149500
38.149700
38.152000
38.154200
38.155200
38.155300
38.155500
38.155700
38.156000
38.156500
38.158300
38.160300
38.160700
38.160800
38.162200
38.162800
38.163500
38.164500
38.165300
38.165500
38.167300
38.168300
38.169500
38.169700
38.169800
38.170000
38.170200
38.171500
38.172200
38.172200
38.173000
38.173300
38.173700
38.173800
38.173900
38.174200
38.174800
38.175000
38.176700
38.176700
38.177600
38.178300
38.179500
38.179500
38.179800
38.180000
38.182300
38.182700
38.182800
38.183300
38.183500
38.186000
38.186500
38.186500
38.186800
38.187700
38.189000
38.189300
38.191000
38.196800
38.198000
38.200300
38.201200
38.201700
38.205000
38.205500
38.207000
38.209000
38.213000
38.214000
38.216700
38.217700
38.230800
38.231000
38.241800
38.272167
38.273500
38.301300
38.430500
38.519000
38.595000
38.673200
38.682200
38.752500
38.773167
38.779835
38.781166
38.782000
38.787333
38.788666
38.789501
38.793499
38.795833
38.798168
38.798332
38.802833
38.804000
38.804833
38.805500
38.805500
38.806168
38.807167
38.808000
38.810333
38.810833
38.810833
38.813168
38.813999
38.813999
38.814167
38.814499
38.814833
38.815333
38.815334
38.815498
38.819000
38.820000
38.820833
38.820835
38.821167
38.821167
38.821335
38.821500
38.821833
38.821835
38.823000
38.823002
38.823167
38.823667
38.823833
38.824333
38.825165
38.826833
38.826833
38.827168
38.827835
38.829667
38.830500
38.830502
38.831001
38.831333
38.832500
38.832501
38.832668
38.832668
38.832668
38.833000
38.833000
38.833332
38.833333
38.833500
38.833668
38.833832
38.834000
38.834167
38.834331
38.834667
38.834667
38.834667
38.835000
38.836498
38.836666
38.838165
38.838167
38.838333
38.838665
38.839667
38.840000
38.840332
38.840333
38.840668
38.841667
38.843333
38.847000
38.861332
39.008667
39.065200
39.099700
39.205700
39.220900
39.292667
39.338700
39.364167
39.365667
39.366667
39.400800
39.403500
39.404000
39.405000
39.409900
39.412600
39.414500
39.431500
39.442300
39.529900
39.556900
39.597800
39.615167
39.631167
39.632833
39.637000
39.637833
39.638667
39.640167
39.650300
39.733500
39.770500
39.809833
39.846000
39.848000
39.850833
39.852000
39.961100
39.984100
40.068700
40.108400
40.155200
40.427167
40.436167
40.454300
40.730667
40.738167
40.739000
40.767700
40.788667
40.934667
41.350167
41.391600
41.766500
41.769000
41.846667
42.030500
42.093000
43.499400
44.113100
44.113333
44.120600
44.123167
44.130900
44.198000
44.210600
44.241833
44.267100
44.273600
44.273700
44.275500
44.278833
44.280333
44.284333
44.287200
44.289833
44.303167
44.315000
44.320333
44.339167
44.353833
44.360500
44.363167
44.418167
44.423167
44.435500
44.478167
44.478833
44.676667
44.682167
44.765500
44.821500
44.832500
44.905333
45.323000
45.326167
45.328667
45.332000
45.335167
45.529833
45.807700
46.005667
46.195000
46.229833
46.258500
46.281833
46.352000
46.486500
46.768667
46.841500
46.842833
46.843333
46.854167
46.862833
46.882833
46.941500
47.033833
47.177167
47.358300
47.390500
47.598333
47.649667
47.656167
47.664833
47.741333
47.748000
47.756000
47.793333
48.037333
48.040833
48.415333
48.715333
48.998833
49.065000
49.366333
49.470333
49.721000
50.315100
50.484900
51.247400
51.279100
51.331400
51.396300
51.463100
51.477400
51.502300
51.534900
51.535500
51.590100
51.625200
51.707800
51.712800
51.750100
51.761000
51.790200
51.838500
51.857400
51.858100
51.867000
51.951667
52.067100
52.073667
52.108000
52.139900
52.252500
52.275600
52.386400
52.849200
52.989300
53.264600
53.397100
53.401333
53.458600
53.471800
53.505800
53.559300
53.574800
54.014200
54.063800
54.066500
54.144500
54.179500
54.364300
54.494000
54.500200
54.572800
54.647600
54.712100
55.277400
55.376200
55.384200
55.407600
55.410000
55.464300
55.486100
56.089600
56.301700
56.310600
56.378000
56.738100
56.791300
57.005600
57.047900
57.430500
57.436900
57.564200
57.755100
57.783800
57.794833
57.804300
57.822100
57.869100
58.025400
58.025900
58.111333
58.161667
58.166833
58.166833
58.168333
58.171167
58.173500
58.185200
58.191333
58.273667
58.279300
58.280667
58.286167
58.292900
58.294500
58.297000
58.309500
58.546900
58.592900
58.620600
58.736600
58.825600
58.887400
58.891300
58.922900
58.953300
59.122400
59.228400
59.258800
59.291000
59.323500
59.357167
59.361833
59.416000
59.555800
59.632800
59.754200
59.815800
59.816800
59.829200
59.854400
59.857100
59.858500
59.859200
59.897500
59.916000
59.920500
59.927200
59.942000
59.944600
59.968700
59.982900
60.006700
60.014900
60.018000
60.018000
60.036667
60.080800
60.138100
60.143200
60.156100
60.160200
60.171400
60.181300
60.191200
60.192000
60.195700
60.211000
60.234200
60.247400
60.295200
60.362700
60.416500
60.492500
60.492500
60.492800
60.498500
60.499500
60.503500
60.522100
60.524700
60.528400
60.543100
60.565600
60.612900
60.646500
60.648100
60.665300
60.701300
60.706200
60.726800
60.760600
60.767400
60.867200
60.889500
60.983900
61.018100
61.025600
61.065500
61.076900
61.101500
61.102600
61.106900
61.111500
61.119400
61.120400
61.147900
61.149700
61.156800
61.170800
61.170800
61.190833
61.191900
61.193667
61.198600
61.199900
61.200600
61.201100
61.203900
61.204200
61.205400
61.206500
61.207600
61.207833
61.213700
61.214400
61.219400
61.219900
61.221400
61.222200
61.223000
61.223700
61.224100
61.227700
61.232300
61.238600
61.239100
61.245700
61.265200
61.265400
61.296400
61.333800
61.334400
61.399800
61.410900
61.437700
61.455300
61.459300
61.483200
61.494600
61.503300
61.525700
61.532500
61.534000
61.572800
61.577200
61.579800
61.583200
61.608800
61.621000
61.622900
61.639000
61.660100
61.682100
61.699900
61.709900
61.711700
61.729100
61.729700
61.757000
61.784900
61.862600
61.867700
61.872500
61.876400
61.887800
61.905900
61.909700
61.920300
61.939100
61.954100
61.959000
61.962300
61.980167
62.015500
62.020000
62.023000
62.088200
62.095900
62.097400
62.099400
62.108700
62.149400
62.171300
62.178700
62.198300
62.201000
62.226500
62.229400
62.359300
62.391500
62.404700
62.424900
62.453500
62.500000
62.532400
62.552400
62.617500
62.621100
62.667500
62.745400
62.849700
62.883100
62.896300
62.955100
62.959500
63.005800
63.042900
63.044100
63.076100
63.094400
63.103800
63.107300
63.113700
63.150000
63.164300
63.177000
63.181900
63.196600
63.210700
63.229000
63.232400
63.252200
63.262800
63.268800
63.269800
63.295100
63.300000
63.313000
63.372000
63.382600
63.399100
63.402300
63.418000
63.434900
63.487500
63.495200
63.498400
63.513300
63.548800
63.561000
63.565900
63.577900
63.587000
63.587000
63.656900
63.715600
63.766100
63.865000
64.031300
64.242200
64.537000
64.626400
64.626400
64.701100
64.720000
64.746500
64.782600
64.842100
64.845000
64.847200
64.849900
64.860000
64.864200
64.867100
64.982900
64.985800
64.989000
64.999900
65.000900
65.079200
65.185900
65.251700
65.269100
65.288800
65.289800
65.632000
65.763300
65.845200
66.010700
66.349700
66.759800
66.837300
66.867700
67.057500
67.176100
67.177400
67.330800
67.342000
67.350800
67.352700
67.369500
67.379800
68.566700
68.569900
68.573300
68.573500
69.468000
69.483600
69.483600
69.559800
